7450-471033
OS REV: 1.05 Sensor Cal: 1679088763
Time (sec),  BV (Volts),  T (deg C),  DO (mg/l),  Q ()
1697973120,+3.53,+21.574, +5.274,+0.897
1697973420,+3.53,+21.557, +5.274,+0.897
1697973720,+3.53,+21.574, +5.267,+0.897
1697974020,+3.53,+21.574, +5.261,+0.897
1697974320,+3.53,+21.565, +5.265,+0.898
1697974620,+3.53,+21.549, +5.261,+0.897
1697974920,+3.53,+21.557, +5.255,+0.897
1697975220,+3.53,+21.557, +5.258,+0.898
1697975520,+3.53,+21.540, +5.249,+0.897
1697975820,+3.53,+21.532, +5.252,+0.897
1697976120,+3.53,+21.549, +5.249,+0.897
1697976420,+3.53,+21.565, +5.241,+0.897
1697976720,+3.53,+21.532, +5.246,+0.897
1697977020,+3.53,+21.565, +5.238,+0.897
1697977320,+3.53,+21.549, +5.229,+0.897
1697977620,+3.53,+21.549, +5.238,+0.897
1697977920,+3.53,+21.557, +5.228,+0.897
1697978220,+3.53,+21.565, +5.224,+0.897
1697978520,+3.53,+21.532, +5.225,+0.897
1697978820,+3.53,+21.565, +5.217,+0.897
1697979120,+3.53,+21.565, +5.211,+0.897
1697979420,+3.53,+21.557, +5.212,+0.897
1697979720,+3.53,+21.574, +5.210,+0.897
1697980020,+3.53,+21.582, +5.206,+0.897
1697980320,+3.53,+21.590, +5.196,+0.897
1697980620,+3.53,+21.590, +5.200,+0.897
1697980920,+3.53,+21.616, +5.197,+0.897
1697981220,+3.52,+21.624, +5.193,+0.897
1697981520,+3.53,+21.632, +5.189,+0.897
1697981820,+3.52,+21.649, +5.179,+0.897
1697982120,+3.53,+21.649, +5.178,+0.897
1697982420,+3.52,+21.649, +5.175,+0.897
1697982720,+3.52,+21.666, +5.171,+0.897
1697983020,+3.52,+21.674, +5.170,+0.897
1697983320,+3.52,+21.682, +5.159,+0.897
1697983620,+3.52,+21.699, +5.161,+0.897
1697983920,+3.52,+21.707, +5.153,+0.897
1697984220,+3.52,+21.724, +5.145,+0.897
1697984520,+3.52,+21.733, +5.140,+0.896
1697984820,+3.52,+21.741, +5.138,+0.897
1697985120,+3.52,+21.749, +5.133,+0.897
1697985420,+3.52,+21.766, +5.126,+0.897
1697985720,+3.52,+21.766, +5.127,+0.897
1697986020,+3.52,+21.774, +5.127,+0.897
1697986320,+3.52,+21.791, +5.122,+0.897
1697986620,+3.52,+21.783, +5.109,+0.896
1697986920,+3.52,+21.799, +5.112,+0.897
1697987220,+3.52,+21.799, +5.108,+0.897
1697987520,+3.52,+21.799, +5.108,+0.897
1697987820,+3.52,+21.816, +5.096,+0.897
1697988120,+3.52,+21.816, +5.096,+0.897
1697988420,+3.52,+21.824, +5.092,+0.897
1697988720,+3.52,+21.824, +5.087,+0.897
1697989020,+3.52,+21.816, +5.090,+0.897
1697989320,+3.52,+21.799, +5.087,+0.897
1697989620,+3.52,+21.833, +5.077,+0.897
1697989920,+3.52,+21.833, +5.070,+0.897
1697990220,+3.52,+21.833, +5.069,+0.897
1697990520,+3.52,+21.841, +5.068,+0.897
1697990820,+3.52,+21.833, +5.066,+0.897
1697991120,+3.52,+21.841, +5.062,+0.897
1697991420,+3.52,+21.849, +5.052,+0.897
1697991720,+3.52,+21.849, +5.050,+0.897
1697992020,+3.52,+21.858, +5.052,+0.897
1697992320,+3.52,+21.849, +5.043,+0.897
1697992620,+3.52,+21.875, +5.040,+0.897
1697992920,+3.52,+21.866, +5.039,+0.897
1697993220,+3.52,+21.875, +5.031,+0.897
1697993520,+3.52,+21.866, +5.027,+0.897
1697993820,+3.52,+21.858, +5.026,+0.897
1697994120,+3.52,+21.849, +5.026,+0.897
1697994420,+3.52,+21.883, +5.021,+0.897
1697994720,+3.52,+21.875, +5.018,+0.897
1697995020,+3.52,+21.883, +5.006,+0.897
1697995320,+3.52,+21.875, +5.006,+0.897
1697995620,+3.52,+21.883, +5.001,+0.897
1697995920,+3.52,+21.908, +4.996,+0.897
1697996220,+3.52,+21.891, +4.991,+0.897
1697996520,+3.52,+21.891, +4.987,+0.897
1697996820,+3.52,+21.908, +4.985,+0.897
1697997120,+3.52,+21.900, +4.985,+0.897
1697997420,+3.52,+21.916, +4.983,+0.897
1697997720,+3.52,+21.891, +4.975,+0.897
1697998020,+3.52,+21.891, +4.979,+0.897
1697998320,+3.52,+21.916, +4.970,+0.897
1697998620,+3.52,+21.916, +4.963,+0.897
1697998920,+3.52,+21.908, +4.967,+0.897
1697999220,+3.52,+21.916, +4.953,+0.896
1697999520,+3.52,+21.891, +4.959,+0.897
1697999820,+3.52,+21.916, +4.952,+0.897
1698000120,+3.52,+21.908, +4.949,+0.897
1698000420,+3.52,+21.916, +4.941,+0.897
1698000720,+3.52,+21.916, +4.941,+0.897
1698001020,+3.52,+21.933, +4.940,+0.897
1698001320,+3.52,+21.908, +4.939,+0.897
1698001620,+3.52,+21.933, +4.929,+0.897
1698001920,+3.52,+21.925, +4.925,+0.897
1698002220,+3.52,+21.925, +4.926,+0.897
1698002520,+3.52,+21.933, +4.923,+0.897
1698002820,+3.52,+21.941, +4.912,+0.897
1698003120,+3.52,+21.925, +4.915,+0.897
1698003420,+3.52,+21.941, +4.906,+0.897
1698003720,+3.52,+21.941, +4.905,+0.897
1698004020,+3.52,+21.933, +4.906,+0.897
1698004320,+3.52,+21.950, +4.894,+0.897
1698004620,+3.52,+21.941, +4.900,+0.897
1698004920,+3.52,+21.941, +4.896,+0.897
1698005220,+3.52,+21.950, +4.889,+0.897
1698005520,+3.52,+21.941, +4.883,+0.897
1698005820,+3.52,+21.966, +4.876,+0.897
1698006120,+3.52,+21.941, +4.881,+0.897
1698006420,+3.52,+21.941, +4.872,+0.896
1698006720,+3.52,+21.941, +4.875,+0.897
1698007020,+3.52,+21.966, +4.866,+0.897
1698007320,+3.52,+21.933, +4.864,+0.897
1698007620,+3.52,+21.958, +4.858,+0.897
1698007920,+3.52,+21.950, +4.859,+0.897
1698008220,+3.52,+21.933, +4.860,+0.897
1698008520,+3.52,+21.941, +4.855,+0.897
1698008820,+3.52,+21.925, +4.855,+0.897
1698009120,+3.52,+21.950, +4.848,+0.897
1698009420,+3.52,+21.925, +4.850,+0.897
1698009720,+3.52,+21.925, +4.848,+0.897
1698010020,+3.52,+21.933, +4.842,+0.897
1698010320,+3.52,+21.925, +4.842,+0.897
1698010620,+3.52,+21.925, +4.836,+0.897
1698010920,+3.52,+21.908, +4.835,+0.897
1698011220,+3.52,+21.925, +4.828,+0.897
1698011520,+3.52,+21.916, +4.823,+0.897
1698011820,+3.52,+21.916, +4.821,+0.897
1698012120,+3.52,+21.916, +4.821,+0.897
1698012420,+3.52,+21.916, +4.812,+0.897
1698012720,+3.52,+21.900, +4.811,+0.897
1698013020,+3.52,+21.875, +4.813,+0.897
1698013320,+3.52,+21.900, +4.809,+0.897
1698013620,+3.52,+21.883, +4.802,+0.897
1698013920,+3.52,+21.900, +4.803,+0.897
1698014220,+3.52,+21.866, +4.804,+0.897
1698014520,+3.52,+21.875, +4.798,+0.897
1698014820,+3.52,+21.849, +4.802,+0.897
1698015120,+3.52,+21.841, +4.799,+0.897
1698015420,+3.52,+21.858, +4.792,+0.897
1698015720,+3.52,+21.841, +4.791,+0.897
1698016020,+3.52,+21.849, +4.787,+0.897
1698016320,+3.52,+21.849, +4.777,+0.897
1698016620,+3.52,+21.816, +4.787,+0.897
1698016920,+3.52,+21.824, +4.786,+0.898
1698017220,+3.52,+21.824, +4.777,+0.897
1698017520,+3.52,+21.824, +4.773,+0.897
1698017820,+3.52,+21.816, +4.773,+0.897
1698018120,+3.52,+21.799, +4.769,+0.897
1698018420,+3.52,+21.816, +4.768,+0.897
1698018720,+3.52,+21.799, +4.764,+0.897
1698019020,+3.52,+21.783, +4.764,+0.897
1698019320,+3.52,+21.783, +4.762,+0.897
1698019620,+3.52,+21.791, +4.754,+0.897
1698019920,+3.52,+21.791, +4.755,+0.897
1698020220,+3.52,+21.766, +4.758,+0.897
1698020520,+3.52,+21.783, +4.748,+0.897
1698020820,+3.52,+21.766, +4.747,+0.897
1698021120,+3.52,+21.783, +4.741,+0.897
1698021420,+3.52,+21.766, +4.744,+0.897
1698021720,+3.52,+21.774, +4.732,+0.897
1698022020,+3.52,+21.758, +4.736,+0.897
1698022320,+3.52,+21.749, +4.731,+0.897
1698022620,+3.52,+21.741, +4.730,+0.897
1698022920,+3.52,+21.749, +4.724,+0.897
1698023220,+3.52,+21.749, +4.717,+0.897
1698023520,+3.52,+21.758, +4.715,+0.897
1698023820,+3.52,+21.733, +4.718,+0.897
1698024120,+3.52,+21.749, +4.714,+0.897
1698024420,+3.52,+21.733, +4.713,+0.897
1698024720,+3.52,+21.741, +4.709,+0.897
1698025020,+3.52,+21.699, +4.709,+0.897
1698025320,+3.52,+21.707, +4.702,+0.897
1698025620,+3.52,+21.724, +4.701,+0.897
1698025920,+3.52,+21.716, +4.694,+0.897
1698026220,+3.52,+21.699, +4.698,+0.897
1698026520,+3.52,+21.699, +4.691,+0.897
1698026820,+3.52,+21.699, +4.693,+0.897
1698027120,+3.52,+21.707, +4.685,+0.897
1698027420,+3.52,+21.691, +4.683,+0.897
1698027720,+3.52,+21.691, +4.683,+0.897
1698028020,+3.52,+21.691, +4.672,+0.897
1698028320,+3.52,+21.682, +4.676,+0.897
1698028620,+3.52,+21.682, +4.671,+0.897
1698028920,+3.52,+21.682, +4.667,+0.897
1698029220,+3.53,+21.682, +4.665,+0.897
1698029520,+3.52,+21.682, +4.663,+0.897
1698029820,+3.52,+21.682, +4.657,+0.897
1698030120,+3.52,+21.666, +4.655,+0.897
1698030420,+3.53,+21.657, +4.657,+0.897
1698030720,+3.52,+21.657, +4.654,+0.897
1698031020,+3.52,+21.649, +4.650,+0.897
1698031320,+3.53,+21.666, +4.643,+0.897
1698031620,+3.53,+21.641, +4.647,+0.897
1698031920,+3.53,+21.641, +4.643,+0.897
1698032220,+3.52,+21.649, +4.632,+0.897
1698032520,+3.53,+21.649, +4.629,+0.897
1698032820,+3.52,+21.632, +4.637,+0.898
1698033120,+3.53,+21.624, +4.631,+0.897
1698033420,+3.53,+21.657, +4.627,+0.898
1698033720,+3.53,+21.624, +4.625,+0.897
1698034020,+3.52,+21.624, +4.622,+0.897
1698034320,+3.53,+21.624, +4.615,+0.897
1698034620,+3.53,+21.632, +4.614,+0.897
1698034920,+3.53,+21.641, +4.611,+0.897
1698035220,+3.53,+21.632, +4.607,+0.897
1698035520,+3.53,+21.624, +4.601,+0.897
1698035820,+3.53,+21.616, +4.600,+0.897
1698036120,+3.53,+21.607, +4.594,+0.897
1698036420,+3.53,+21.590, +4.596,+0.897
1698036720,+3.53,+21.599, +4.594,+0.897
1698037020,+3.53,+21.582, +4.591,+0.897
1698037320,+3.53,+21.599, +4.589,+0.897
1698037620,+3.53,+21.599, +4.583,+0.897
1698037920,+3.53,+21.590, +4.585,+0.898
1698038220,+3.53,+21.582, +4.583,+0.898
1698038520,+3.53,+21.607, +4.575,+0.897
1698038820,+3.53,+21.565, +4.575,+0.897
1698039120,+3.53,+21.582, +4.568,+0.897
1698039420,+3.53,+21.582, +4.568,+0.897
1698039720,+3.53,+21.565, +4.568,+0.897
1698040020,+3.53,+21.574, +4.565,+0.897
1698040320,+3.53,+21.565, +4.564,+0.898
1698040620,+3.53,+21.574, +4.550,+0.897
1698040920,+3.53,+21.574, +4.552,+0.897
1698041220,+3.53,+21.574, +4.549,+0.897
1698041520,+3.53,+21.565, +4.547,+0.897
1698041820,+3.53,+21.565, +4.543,+0.897
1698042120,+3.53,+21.549, +4.548,+0.898
1698042420,+3.53,+21.540, +4.544,+0.897
1698042720,+3.53,+21.532, +4.541,+0.897
1698043020,+3.53,+21.532, +4.534,+0.897
1698043320,+3.53,+21.540, +4.530,+0.897
1698043620,+3.53,+21.549, +4.527,+0.897
1698043920,+3.53,+21.532, +4.529,+0.897
1698044220,+3.53,+21.532, +4.524,+0.898
1698044520,+3.53,+21.515, +4.524,+0.897
1698044820,+3.53,+21.515, +4.517,+0.897
1698045120,+3.53,+21.490, +4.521,+0.897
1698045420,+3.53,+21.515, +4.512,+0.897
1698045720,+3.53,+21.507, +4.509,+0.897
1698046020,+3.53,+21.499, +4.508,+0.897
1698046320,+3.53,+21.482, +4.507,+0.898
1698046620,+3.53,+21.524, +4.495,+0.897
1698046920,+3.53,+21.515, +4.491,+0.897
1698047220,+3.53,+21.499, +4.492,+0.897
1698047520,+3.53,+21.490, +4.488,+0.897
1698047820,+3.53,+21.482, +4.491,+0.897
1698048120,+3.53,+21.499, +4.487,+0.898
1698048420,+3.53,+21.465, +4.490,+0.898
1698048720,+3.53,+21.473, +4.476,+0.897
1698049020,+3.53,+21.482, +4.477,+0.897
1698049320,+3.53,+21.465, +4.476,+0.897
1698049620,+3.53,+21.457, +4.473,+0.897
1698049920,+3.53,+21.465, +4.470,+0.897
1698050220,+3.53,+21.465, +4.463,+0.897
1698050520,+3.53,+21.457, +4.460,+0.897
1698050820,+3.53,+21.448, +4.464,+0.897
1698051120,+3.53,+21.465, +4.457,+0.898
1698051420,+3.53,+21.440, +4.451,+0.897
1698051720,+3.53,+21.440, +4.453,+0.897
1698052020,+3.53,+21.432, +4.450,+0.897
1698052320,+3.53,+21.448, +4.450,+0.898
1698052620,+3.53,+21.432, +4.446,+0.897
1698052920,+3.53,+21.440, +4.441,+0.897
1698053220,+3.53,+21.440, +4.435,+0.897
1698053520,+3.53,+21.432, +4.438,+0.897
1698053820,+3.53,+21.432, +4.435,+0.897
1698054120,+3.53,+21.423, +4.432,+0.898
1698054420,+3.53,+21.415, +4.425,+0.897
1698054720,+3.53,+21.407, +4.426,+0.897
1698055020,+3.53,+21.398, +4.425,+0.897
1698055320,+3.53,+21.432, +4.416,+0.897
1698055620,+3.53,+21.415, +4.417,+0.897
1698055920,+3.53,+21.398, +4.417,+0.897
1698056220,+3.53,+21.382, +4.414,+0.898
1698056520,+3.53,+21.407, +4.408,+0.897
1698056820,+3.53,+21.398, +4.406,+0.897
1698057120,+3.53,+21.382, +4.405,+0.897
1698057420,+3.53,+21.390, +4.399,+0.897
1698057720,+3.53,+21.365, +4.401,+0.897
1698058020,+3.53,+21.390, +4.394,+0.897
1698058320,+3.53,+21.348, +4.395,+0.897
1698058620,+3.53,+21.365, +4.392,+0.897
1698058920,+3.53,+21.365, +4.388,+0.897
1698059220,+3.53,+21.356, +4.389,+0.898
1698059520,+3.53,+21.365, +4.382,+0.897
