7450-471033
OS REV: 1.05 Sensor Cal: 1679088763
Time (sec),  BV (Volts),  T (deg C),  DO (mg/l),  Q ()
1698146520,+3.53,+18.257, +3.764,+0.901
1698146820,+3.53,+17.312, +3.832,+0.901
1698147120,+3.53,+16.439, +3.896,+0.902
1698147420,+3.53,+15.620, +3.956,+0.902
1698147720,+3.53,+14.839, +4.028,+0.902
1698148020,+3.53,+14.139, +4.082,+0.903
1698148320,+3.53,+13.320, +4.150,+0.903
1698148620,+3.54,+12.415, +4.236,+0.904
1698148920,+3.54,+11.534, +4.327,+0.905
1698149220,+3.53,+10.770, +4.405,+0.904
1698149520,+3.54,+10.171, +4.465,+0.905
1698149820,+3.53, +9.622, +4.518,+0.905
1698150120,+3.54, +9.244, +4.556,+0.905
1698150420,+3.54, +8.975, +4.594,+0.905
1698150720,+3.53, +8.630, +4.654,+0.905
1698151020,+3.53, +8.321, +4.681,+0.905
1698151320,+3.54, +8.057, +4.730,+0.905
1698151620,+3.54, +7.878, +4.770,+0.905
1698151920,+3.54, +7.716, +4.782,+0.904
1698152220,+3.53, +7.602, +4.767,+0.903
1698152520,+3.53, +7.507, +4.777,+0.903
1698152820,+3.53, +7.517, +4.774,+0.903
1698153120,+3.53, +7.650, +4.757,+0.903
1698153420,+3.54, +7.878, +4.732,+0.903
1698153720,+3.53, +8.236, +4.691,+0.903
1698154020,+3.53, +8.405, +4.666,+0.903
1698154320,+3.53, +8.480, +4.655,+0.903
1698154620,+3.53, +8.508, +4.649,+0.903
1698154920,+3.53, +8.583, +4.639,+0.903
1698155220,+3.53, +8.695, +4.626,+0.903
1698155520,+3.53, +9.253, +4.570,+0.903
1698155820,+3.53,+11.454, +4.348,+0.902
1698156120,+3.53,+13.913, +4.112,+0.900
1698156420,+3.52,+16.328, +3.904,+0.898
1698156720,+3.52,+18.728, +3.712,+0.896
1698157020,+3.52,+21.006, +3.547,+0.895
1698157320,+3.52,+22.635, +3.429,+0.894
1698157620,+3.51,+23.087, +3.393,+0.895
1698157920,+3.51,+23.187, +3.380,+0.895
1698158220,+3.52,+23.455, +3.362,+0.896
1698158520,+3.52,+23.832, +3.336,+0.896
1698158820,+3.51,+24.251, +3.310,+0.896
1698159120,+3.52,+24.788, +3.272,+0.895
1698159420,+3.51,+25.326, +3.234,+0.895
1698159720,+3.51,+25.866, +3.199,+0.895
1698160020,+3.51,+26.406, +3.164,+0.894
1698160320,+3.51,+26.940, +3.132,+0.894
1698160620,+3.51,+27.509, +3.098,+0.894
1698160920,+3.51,+28.113, +3.060,+0.894
1698161220,+3.51,+28.686, +3.023,+0.893
1698161520,+3.51,+29.312, +2.982,+0.892
1698161820,+3.51,+29.941, +2.944,+0.892
1698162120,+3.51,+30.625, +2.900,+0.890
1698162420,+3.51,+31.294, +2.857,+0.889
1698162720,+3.51,+31.888, +2.822,+0.889
1698163020,+3.51,+32.089, +3.587,+0.889
1698163320,+3.51,+30.616, +3.933,+0.893
1698163620,+3.52,+28.122, +4.238,+0.899
1698163920,+3.52,+26.043, +4.394,+0.902
1698164220,+3.52,+24.025, +4.724,+0.904
1698164520,+3.52,+22.092, +4.970,+0.906
1698164820,+3.53,+20.905, +5.077,+0.907
1698165120,+3.53,+19.969, +5.162,+0.907
1698165420,+3.53,+19.089, +5.243,+0.907
1698165720,+3.53,+18.392, +5.300,+0.907
1698166020,+3.54,+15.748, +8.863,+0.908
1698166320,+3.53,+15.200, +6.988,+0.907
1698166620,+3.54,+15.071, +7.582,+0.898
1698166920,+3.54,+15.002, +6.030,+0.895
1698167220,+3.54,+15.002, +4.744,+0.890
1698167520,+3.54,+14.968, +3.847,+0.885
1698167820,+3.54,+14.951, +3.186,+0.879
1698168120,+3.54,+14.942, +2.638,+0.876
1698168420,+3.54,+14.916, +2.191,+0.874
1698168720,+3.54,+14.925, +1.887,+0.873
1698169020,+3.54,+14.908, +1.670,+0.873
1698169320,+3.54,+14.899, +1.514,+0.872
1698169620,+3.54,+14.891, +1.340,+0.873
1698169920,+3.54,+14.873, +1.203,+0.875
1698170220,+3.54,+14.882, +1.082,+0.877
1698170520,+3.54,+14.873, +0.981,+0.878
1698170820,+3.54,+14.873, +0.893,+0.879
1698171120,+3.54,+14.873, +0.824,+0.880
1698171420,+3.54,+14.873, +0.775,+0.881
1698171720,+3.53,+14.873, +0.738,+0.882
1698172020,+3.54,+14.856, +0.714,+0.882
1698172320,+3.53,+14.882, +0.707,+0.882
1698172620,+3.53,+14.856, +0.717,+0.882
1698172920,+3.53,+14.891, +0.733,+0.882
1698173220,+3.53,+14.882, +0.748,+0.882
1698173520,+3.53,+14.882, +0.774,+0.882
1698173820,+3.53,+14.916, +0.800,+0.882
1698174120,+3.53,+14.916, +0.840,+0.882
1698174420,+3.53,+14.951, +0.891,+0.881
1698174720,+3.53,+14.994, +0.950,+0.880
1698175020,+3.53,+14.994, +1.033,+0.880
1698175320,+3.53,+15.028, +1.119,+0.879
1698175620,+3.53,+15.063, +1.188,+0.879
1698175920,+3.53,+15.080, +1.248,+0.879
1698176220,+3.53,+15.106, +1.297,+0.879
1698176520,+3.53,+15.114, +1.358,+0.878
1698176820,+3.53,+15.140, +1.429,+0.878
1698177120,+3.53,+15.166, +1.509,+0.877
1698177420,+3.53,+15.192, +1.589,+0.876
1698177720,+3.53,+15.226, +1.651,+0.876
1698178020,+3.53,+15.269, +1.697,+0.876
1698178320,+3.53,+15.260, +1.749,+0.876
1698178620,+3.53,+15.294, +1.814,+0.876
1698178920,+3.53,+15.320, +1.890,+0.875
1698179220,+3.53,+15.329, +1.940,+0.875
1698179520,+3.53,+15.440, +2.468,+0.870
1698179820,+3.53,+15.757, +9.587,+0.906
1698180120,+3.53,+16.158, +9.519,+0.905
1698180420,+3.53,+16.396, +9.482,+0.905
1698180720,+3.53,+16.422, +9.473,+0.904
1698181020,+3.53,+16.447, +9.441,+0.904
1698181320,+3.53,+16.702, +9.362,+0.904
1698181620,+3.52,+16.719, +9.353,+0.904
1698181920,+3.53,+16.558, +9.390,+0.905
1698182220,+3.53,+16.362, +9.409,+0.904
1698182520,+3.53,+16.286, +9.424,+0.904
1698182820,+3.53,+16.235, +9.424,+0.904
1698183120,+3.53,+16.098, +9.444,+0.904
1698183420,+3.53,+16.013, +9.455,+0.904
1698183720,+3.53,+15.928, +9.466,+0.905
1698184020,+3.53,+16.090, +9.428,+0.905
1698184320,+3.53,+16.235, +9.391,+0.905
1698184620,+3.53,+16.371, +9.353,+0.904
1698184920,+3.53,+16.422, +9.339,+0.904
1698185220,+3.53,+16.464, +9.328,+0.904
1698185520,+3.53,+16.430, +9.331,+0.905
1698185820,+3.53,+16.303, +9.347,+0.904
1698186120,+3.53,+16.141, +9.364,+0.904
1698186420,+3.53,+15.953, +9.411,+0.905
1698186720,+3.53,+15.800, +9.425,+0.905
1698187020,+3.53,+15.671, +9.448,+0.905
1698187320,+3.52,+15.654, +9.426,+0.905
1698187620,+3.53,+15.782, +9.384,+0.905
1698187920,+3.53,+16.039, +9.335,+0.905
1698188220,+3.53,+16.337, +9.233,+0.904
1698188520,+3.52,+16.634, +9.182,+0.904
1698188820,+3.53,+16.931, +9.113,+0.903
1698189120,+3.53,+17.253, +9.057,+0.903
1698189420,+3.52,+17.557, +9.021,+0.903
1698189720,+3.52,+17.895, +8.917,+0.903
1698190020,+3.53,+18.223, +8.871,+0.903
1698190320,+3.52,+18.526, +8.815,+0.903
1698190620,+3.52,+18.812, +8.777,+0.902
1698190920,+3.52,+19.097, +8.698,+0.902
1698191220,+3.52,+19.298, +8.635,+0.902
1698191520,+3.52,+19.458, +8.633,+0.901
1698191820,+3.52,+19.550, +8.591,+0.902
1698192120,+3.52,+19.625, +8.589,+0.902
1698192420,+3.52,+19.675, +8.578,+0.902
1698192720,+3.52,+19.684, +8.572,+0.902
1698193020,+3.52,+19.365, +8.607,+0.902
1698193320,+3.52,+18.938, +8.649,+0.902
1698193620,+3.52,+18.820, +8.690,+0.903
1698193920,+3.52,+18.887, +8.677,+0.902
1698194220,+3.52,+18.963, +8.667,+0.902
1698194520,+3.52,+19.055, +8.631,+0.902
1698194820,+3.52,+19.156, +8.616,+0.902
1698195120,+3.52,+19.265, +8.584,+0.901
1698195420,+3.52,+19.340, +8.575,+0.902
1698195720,+3.52,+19.424, +8.545,+0.901
1698196020,+3.52,+19.491, +8.535,+0.902
1698196320,+3.52,+19.567, +8.530,+0.902
1698196620,+3.52,+19.634, +8.497,+0.902
1698196920,+3.52,+19.692, +8.482,+0.902
1698197220,+3.52,+19.742, +8.464,+0.901
1698197520,+3.52,+19.793, +8.460,+0.902
1698197820,+3.52,+19.818, +8.447,+0.902
1698198120,+3.52,+19.902, +8.410,+0.901
1698198420,+3.52,+19.943, +8.413,+0.902
1698198720,+3.52,+19.969, +8.391,+0.901
1698199020,+3.52,+20.027, +8.393,+0.902
1698199320,+3.52,+20.069, +8.367,+0.901
1698199620,+3.52,+20.128, +8.348,+0.901
1698199920,+3.52,+20.169, +8.330,+0.901
1698200220,+3.52,+20.153, +8.338,+0.901
1698200520,+3.52,+20.220, +8.318,+0.901
1698200820,+3.52,+20.253, +8.313,+0.902
1698201120,+3.52,+20.295, +8.304,+0.902
1698201420,+3.52,+20.320, +8.293,+0.902
1698201720,+3.52,+20.337, +8.279,+0.901
1698202020,+3.52,+20.370, +8.274,+0.902
1698202320,+3.52,+20.395, +8.252,+0.901
1698202620,+3.52,+20.420, +8.236,+0.901
1698202920,+3.52,+20.429, +8.231,+0.901
1698203220,+3.52,+20.470, +8.224,+0.901
1698203520,+3.52,+20.462, +8.220,+0.901
1698203820,+3.52,+20.512, +8.215,+0.902
1698204120,+3.52,+20.546, +8.198,+0.902
1698204420,+3.52,+20.554, +8.184,+0.901
1698204720,+3.52,+20.579, +8.186,+0.902
1698205020,+3.52,+20.604, +8.165,+0.901
1698205320,+3.52,+20.613, +8.142,+0.900
1698205620,+3.52,+20.629, +8.145,+0.901
1698205920,+3.52,+20.646, +8.137,+0.901
1698206220,+3.52,+20.663, +8.126,+0.901
1698206520,+3.52,+20.680, +8.113,+0.900
1698206820,+3.52,+20.696, +8.119,+0.902
1698207120,+3.52,+20.696, +8.104,+0.901
1698207420,+3.52,+20.738, +8.093,+0.901
1698207720,+3.52,+20.713, +8.105,+0.902
1698208020,+3.52,+20.755, +8.082,+0.901
1698208320,+3.52,+20.771, +8.073,+0.901
1698208620,+3.52,+20.771, +8.055,+0.901
1698208920,+3.52,+20.797, +8.049,+0.901
1698209220,+3.52,+20.813, +8.034,+0.901
1698209520,+3.52,+20.822, +8.023,+0.900
1698209820,+3.52,+20.847, +8.015,+0.901
1698210120,+3.52,+20.847, +8.007,+0.901
1698210420,+3.52,+20.838, +8.013,+0.901
1698210720,+3.52,+20.863, +8.010,+0.902
1698211020,+3.52,+20.863, +7.987,+0.901
1698211320,+3.52,+20.880, +7.978,+0.901
1698211620,+3.52,+20.897, +7.980,+0.901
1698211920,+3.52,+20.897, +7.972,+0.901
1698212220,+3.52,+20.897, +7.954,+0.901
1698212520,+3.52,+20.889, +7.952,+0.901
1698212820,+3.52,+20.905, +7.949,+0.901
1698213120,+3.52,+20.930, +7.934,+0.901
1698213420,+3.52,+20.922, +7.932,+0.901
1698213720,+3.52,+20.947, +7.914,+0.901
1698214020,+3.52,+20.947, +7.911,+0.901
1698214320,+3.52,+20.947, +7.898,+0.901
1698214620,+3.52,+20.955, +7.899,+0.901
1698214920,+3.52,+20.947, +7.896,+0.901
1698215220,+3.52,+20.955, +7.873,+0.900
1698215520,+3.52,+20.980, +7.874,+0.901
1698215820,+3.52,+20.989, +7.864,+0.901
1698216120,+3.52,+20.972, +7.856,+0.900
1698216420,+3.52,+20.997, +7.847,+0.901
1698216720,+3.52,+21.006, +7.836,+0.900
1698217020,+3.52,+21.014, +7.825,+0.900
1698217320,+3.52,+21.022, +7.836,+0.901
1698217620,+3.52,+21.031, +7.819,+0.901
1698217920,+3.52,+21.022, +7.823,+0.901
1698218220,+3.52,+21.014, +7.811,+0.901
1698218520,+3.52,+21.039, +7.799,+0.901
1698218820,+3.52,+21.031, +7.803,+0.902
1698219120,+3.52,+21.047, +7.788,+0.901
1698219420,+3.52,+21.039, +7.779,+0.901
1698219720,+3.52,+21.064, +7.758,+0.900
1698220020,+3.52,+21.056, +7.753,+0.900
1698220320,+3.52,+21.072, +7.745,+0.901
1698220620,+3.52,+21.072, +7.739,+0.900
1698220920,+3.52,+21.097, +7.727,+0.900
1698221220,+3.52,+21.089, +7.721,+0.900
1698221520,+3.52,+21.106, +7.722,+0.901
1698221820,+3.52,+21.123, +7.704,+0.901
1698222120,+3.52,+21.114, +7.691,+0.900
1698222420,+3.52,+21.097, +7.699,+0.901
1698222720,+3.52,+21.106, +7.686,+0.901
1698223020,+3.52,+21.123, +7.673,+0.900
1698223320,+3.52,+21.106, +7.674,+0.901
1698223620,+3.52,+21.114, +7.666,+0.900
1698223920,+3.52,+21.114, +7.659,+0.901
1698224220,+3.52,+21.114, +7.654,+0.901
1698224520,+3.52,+21.148, +7.639,+0.901
1698224820,+3.52,+21.123, +7.641,+0.901
1698225120,+3.52,+21.131, +7.630,+0.901
1698225420,+3.52,+21.148, +7.621,+0.900
1698225720,+3.52,+21.156, +7.614,+0.901
1698226020,+3.52,+21.148, +7.612,+0.901
1698226320,+3.52,+21.148, +7.599,+0.901
1698226620,+3.52,+21.148, +7.600,+0.901
1698226920,+3.52,+21.148, +7.594,+0.901
1698227220,+3.52,+21.148, +7.577,+0.900
1698227520,+3.52,+21.148, +7.572,+0.900
1698227820,+3.52,+21.139, +7.570,+0.901
1698228120,+3.52,+21.148, +7.564,+0.901
1698228420,+3.52,+21.148, +7.552,+0.900
1698228720,+3.52,+21.173, +7.549,+0.901
1698229020,+3.52,+21.156, +7.538,+0.901
1698229320,+3.52,+21.164, +7.532,+0.900
1698229620,+3.52,+21.173, +7.535,+0.901
1698229920,+3.52,+21.173, +7.522,+0.901
1698230220,+3.52,+21.181, +7.507,+0.901
1698230520,+3.52,+21.164, +7.508,+0.901
1698230820,+3.52,+21.181, +7.492,+0.901
1698231120,+3.52,+21.156, +7.494,+0.901
1698231420,+3.52,+21.156, +7.504,+0.902
1698231720,+3.52,+21.139, +7.492,+0.901
1698232020,+3.52,+21.156, +7.471,+0.900
1698232320,+3.52,+21.156, +7.468,+0.901
1698232620,+3.52,+21.181, +7.452,+0.901
1698232920,+3.52,+21.189, +7.446,+0.901
