7450-471033
OS REV: 1.05 Sensor Cal: 1679088763
Time (sec),  BV (Volts),  T (deg C),  DO (mg/l),  Q ()
1697539620,+3.52,+21.666, +8.560,+0.898
1697539920,+3.52,+21.666, +8.568,+0.899
1697540220,+3.52,+21.666, +8.580,+0.900
1697540520,+3.52,+21.674, +8.580,+0.900
1697540820,+3.52,+21.649, +8.568,+0.899
1697541120,+3.52,+21.666, +8.574,+0.899
1697541420,+3.52,+21.657, +8.568,+0.899
1697541720,+3.52,+21.649, +8.583,+0.899
1697542020,+3.52,+21.641, +8.568,+0.898
1697542320,+3.52,+21.641, +8.579,+0.899
1697542620,+3.52,+21.641, +8.582,+0.899
1697542920,+3.52,+21.641, +8.570,+0.899
1697543220,+3.52,+21.641, +8.567,+0.898
1697543520,+3.52,+21.649, +8.587,+0.899
1697543820,+3.52,+21.624, +8.579,+0.898
1697544120,+3.52,+21.641, +8.584,+0.899
1697544420,+3.52,+21.632, +8.586,+0.899
1697544720,+3.52,+21.632, +8.582,+0.899
1697545020,+3.52,+21.641, +8.581,+0.899
1697545320,+3.52,+21.632, +8.581,+0.899
1697545620,+3.52,+21.632, +8.581,+0.898
1697545920,+3.52,+21.632, +8.586,+0.899
1697546220,+3.52,+21.632, +8.594,+0.899
1697546520,+3.52,+21.649, +8.571,+0.898
1697546820,+3.52,+21.641, +8.577,+0.898
1697547120,+3.52,+21.641, +8.575,+0.898
1697547420,+3.52,+21.632, +8.597,+0.899
1697547720,+3.52,+21.616, +8.601,+0.899
1697548020,+3.52,+21.632, +8.584,+0.898
1697548320,+3.52,+21.624, +8.591,+0.899
1697548620,+3.52,+21.616, +8.590,+0.899
1697548920,+3.52,+21.616, +8.592,+0.899
1697549220,+3.52,+21.616, +8.606,+0.899
1697549520,+3.52,+21.624, +8.598,+0.899
1697549820,+3.52,+21.624, +8.599,+0.899
1697550120,+3.52,+21.624, +8.577,+0.898
1697550420,+3.52,+21.616, +8.602,+0.899
1697550720,+3.52,+21.616, +8.593,+0.899
1697551020,+3.52,+21.624, +8.587,+0.898
1697551320,+3.52,+21.616, +8.614,+0.900
1697551620,+3.52,+21.616, +8.602,+0.899
1697551920,+3.52,+21.632, +8.596,+0.899
1697552220,+3.52,+21.632, +8.592,+0.899
1697552520,+3.52,+21.616, +8.602,+0.899
1697552820,+3.52,+21.624, +8.598,+0.899
1697553120,+3.52,+21.607, +8.602,+0.899
1697553420,+3.52,+21.641, +8.595,+0.899
1697553720,+3.52,+21.607, +8.602,+0.899
1697554020,+3.52,+21.632, +8.591,+0.899
1697554320,+3.52,+21.632, +8.581,+0.898
1697554620,+3.52,+21.624, +8.576,+0.898
1697554920,+3.52,+21.632, +8.584,+0.898
1697555220,+3.52,+21.607, +8.583,+0.898
1697555520,+3.52,+21.641, +8.587,+0.899
1697555820,+3.52,+21.632, +8.575,+0.898
1697556120,+3.52,+21.632, +8.588,+0.899
1697556420,+3.52,+21.641, +8.587,+0.899
1697556720,+3.52,+21.641, +8.581,+0.899
1697557020,+3.53,+21.624, +8.580,+0.899
1697557320,+3.52,+21.616, +8.591,+0.899
1697557620,+3.52,+21.624, +8.587,+0.899
1697557920,+3.52,+21.632, +8.568,+0.898
1697558220,+3.52,+21.649, +8.577,+0.899
1697558520,+3.52,+21.641, +8.586,+0.899
1697558820,+3.52,+21.641, +8.587,+0.899
1697559120,+3.52,+21.649, +8.562,+0.898
1697559420,+3.52,+21.666, +8.566,+0.899
1697559720,+3.52,+21.641, +8.568,+0.898
1697560020,+3.52,+21.666, +8.577,+0.899
1697560320,+3.52,+21.674, +8.565,+0.899
1697560620,+3.52,+21.666, +8.576,+0.899
1697560920,+3.52,+21.666, +8.570,+0.899
1697561220,+3.52,+21.657, +8.568,+0.898
1697561520,+3.52,+21.657, +8.568,+0.898
1697561820,+3.52,+21.666, +8.571,+0.898
1697562120,+3.52,+21.682, +8.567,+0.899
1697562420,+3.52,+21.674, +8.573,+0.899
1697562720,+3.52,+21.682, +8.556,+0.898
1697563020,+3.52,+21.674, +8.565,+0.898
1697563320,+3.52,+21.666, +8.567,+0.899
1697563620,+3.52,+21.674, +8.567,+0.899
1697563920,+3.52,+21.691, +8.559,+0.898
1697564220,+3.52,+21.691, +8.555,+0.898
1697564520,+3.52,+21.699, +8.572,+0.899
1697564820,+3.52,+21.724, +8.563,+0.899
1697565120,+3.52,+21.724, +8.562,+0.899
1697565420,+3.52,+21.741, +8.563,+0.899
1697565720,+3.52,+21.749, +8.557,+0.899
1697566020,+3.52,+21.774, +8.549,+0.898
1697566320,+3.52,+21.791, +8.542,+0.898
1697566620,+3.52,+21.808, +8.545,+0.899
1697566920,+3.52,+21.824, +8.535,+0.898
1697567220,+3.52,+21.866, +8.531,+0.898
1697567520,+3.52,+21.849, +8.532,+0.898
1697567820,+3.52,+21.875, +8.539,+0.899
1697568120,+3.52,+21.900, +8.517,+0.898
1697568420,+3.52,+21.916, +8.521,+0.898
1697568720,+3.52,+21.916, +8.519,+0.898
1697569020,+3.52,+21.958, +8.513,+0.898
1697569320,+3.52,+21.950, +8.527,+0.899
1697569620,+3.52,+21.975, +8.515,+0.899
1697569920,+3.52,+21.983, +8.515,+0.899
1697570220,+3.52,+21.966, +8.521,+0.899
1697570520,+3.52,+21.975, +8.525,+0.899
1697570820,+3.52,+21.975, +8.511,+0.898
1697571120,+3.52,+21.983, +8.508,+0.898
1697571420,+3.52,+21.966, +8.524,+0.899
1697571720,+3.52,+21.975, +8.522,+0.899
1697572020,+3.52,+21.966, +8.514,+0.898
1697572320,+3.52,+21.966, +8.514,+0.898
1697572620,+3.52,+21.992, +8.503,+0.898
1697572920,+3.52,+21.975, +8.517,+0.899
1697573220,+3.52,+21.966, +8.517,+0.899
1697573520,+3.52,+21.983, +8.514,+0.898
1697573820,+3.52,+22.000, +8.496,+0.898
1697574120,+3.52,+22.008, +8.509,+0.899
1697574420,+3.53,+22.317, +8.466,+0.899
1697574720,+3.53,+22.401, +8.454,+0.899
1697575020,+3.53,+22.384, +8.461,+0.899
1697575320,+3.53,+22.334, +8.465,+0.899
1697575620,+3.53,+22.301, +8.480,+0.899
1697575920,+3.53,+22.276, +8.480,+0.899
1697576220,+3.53,+22.276, +8.482,+0.899
1697576520,+3.53,+22.234, +8.488,+0.899
1697576820,+3.52,+22.192, +8.505,+0.900
1697577120,+3.52,+22.184, +8.511,+0.900
1697577420,+3.52,+22.167, +8.494,+0.898
1697577720,+3.52,+22.134, +8.504,+0.899
1697578020,+3.52,+22.092, +8.521,+0.899
1697578320,+3.52,+22.092, +8.525,+0.900
1697578620,+3.52,+22.067, +8.526,+0.899
1697578920,+3.52,+22.050, +8.530,+0.900
1697579220,+3.52,+22.033, +8.523,+0.899
1697579520,+3.52,+22.025, +8.541,+0.900
1697579820,+3.52,+22.008, +8.531,+0.899
1697580120,+3.52,+21.975, +8.544,+0.899
1697580420,+3.52,+21.958, +8.551,+0.899
1697580720,+3.52,+21.966, +8.550,+0.900
1697581020,+3.52,+21.941, +8.564,+0.900
1697581320,+3.52,+21.941, +8.561,+0.900
1697581620,+3.52,+21.925, +8.550,+0.899
1697581920,+3.52,+21.900, +8.554,+0.899
1697582220,+3.52,+21.883, +8.569,+0.900
1697582520,+3.52,+21.858, +8.575,+0.900
1697582820,+3.52,+21.875, +8.559,+0.899
1697583120,+3.52,+21.841, +8.573,+0.900
1697583420,+3.52,+21.849, +8.572,+0.900
1697583720,+3.52,+21.841, +8.572,+0.900
1697584020,+3.52,+21.791, +8.607,+0.901
1697584320,+3.52,+21.824, +8.574,+0.899
1697584620,+3.52,+21.808, +8.587,+0.900
1697584920,+3.52,+21.791, +8.588,+0.900
1697585220,+3.52,+21.799, +8.581,+0.900
1697585520,+3.52,+21.774, +8.592,+0.900
1697585820,+3.52,+21.783, +8.586,+0.900
1697586120,+3.52,+21.774, +8.585,+0.900
1697586420,+3.52,+21.766, +8.594,+0.900
1697586720,+3.52,+21.741, +8.585,+0.899
1697587020,+3.52,+21.741, +8.604,+0.900
1697587320,+3.52,+21.733, +8.602,+0.900
1697587620,+3.53,+21.716, +8.608,+0.900
1697587920,+3.52,+21.707, +8.611,+0.900
1697588220,+3.52,+21.699, +8.593,+0.899
1697588520,+3.52,+21.682, +8.614,+0.900
1697588820,+3.52,+21.682, +8.607,+0.900
1697589120,+3.52,+21.682, +8.595,+0.899
1697589420,+3.52,+21.674, +8.603,+0.899
1697589720,+3.53,+21.666, +8.623,+0.901
1697590020,+3.53,+21.657, +8.618,+0.900
1697590320,+3.53,+21.649, +8.624,+0.900
1697590620,+3.53,+21.624, +8.625,+0.900
1697590920,+3.52,+21.641, +8.612,+0.899
1697591220,+3.53,+21.616, +8.643,+0.901
1697591520,+3.53,+21.607, +8.631,+0.900
1697591820,+3.53,+21.590, +8.639,+0.900
1697592120,+3.53,+21.607, +8.620,+0.899
1697592420,+3.53,+21.574, +8.640,+0.900
1697592720,+3.53,+21.582, +8.643,+0.901
1697593020,+3.53,+21.574, +8.637,+0.900
1697593320,+3.53,+21.565, +8.641,+0.900
1697593620,+3.53,+21.557, +8.630,+0.899
1697593920,+3.53,+21.557, +8.644,+0.900
1697594220,+3.53,+21.557, +8.632,+0.899
1697594520,+3.53,+21.532, +8.642,+0.900
1697594820,+3.53,+21.540, +8.639,+0.900
1697595120,+3.53,+21.540, +8.652,+0.900
1697595420,+3.53,+21.524, +8.650,+0.900
1697595720,+3.53,+21.540, +8.644,+0.900
1697596020,+3.53,+21.532, +8.650,+0.900
1697596320,+3.53,+21.532, +8.637,+0.900
1697596620,+3.53,+21.515, +8.646,+0.900
1697596920,+3.53,+21.515, +8.644,+0.899
1697597220,+3.53,+21.507, +8.653,+0.900
1697597520,+3.53,+21.482, +8.658,+0.900
1697597820,+3.53,+21.490, +8.661,+0.900
1697598120,+3.53,+21.457, +8.664,+0.900
1697598420,+3.53,+21.473, +8.663,+0.900
1697598720,+3.53,+21.473, +8.661,+0.900
1697599020,+3.53,+21.473, +8.655,+0.900
1697599320,+3.53,+21.465, +8.654,+0.899
1697599620,+3.53,+21.465, +8.666,+0.900
1697599920,+3.53,+21.457, +8.674,+0.900
1697600220,+3.53,+21.448, +8.672,+0.900
1697600520,+3.53,+21.440, +8.673,+0.900
1697600820,+3.53,+21.440, +8.678,+0.900
1697601120,+3.53,+21.415, +8.685,+0.900
1697601420,+3.53,+21.423, +8.684,+0.900
1697601720,+3.53,+21.440, +8.666,+0.900
1697602020,+3.53,+21.432, +8.670,+0.900
1697602320,+3.53,+21.415, +8.689,+0.900
1697602620,+3.53,+21.440, +8.671,+0.900
1697602920,+3.53,+21.398, +8.678,+0.900
1697603220,+3.53,+21.398, +8.690,+0.900
1697603520,+3.53,+21.407, +8.681,+0.900
1697603820,+3.53,+21.407, +8.678,+0.900
1697604120,+3.53,+21.415, +8.679,+0.900
1697604420,+3.53,+21.407, +8.687,+0.900
1697604720,+3.53,+21.382, +8.699,+0.901
1697605020,+3.53,+21.373, +8.696,+0.900
1697605320,+3.53,+21.390, +8.683,+0.900
1697605620,+3.53,+21.382, +8.690,+0.900
1697605920,+3.53,+21.365, +8.701,+0.901
1697606220,+3.53,+21.365, +8.697,+0.900
1697606520,+3.53,+21.373, +8.696,+0.900
1697606820,+3.53,+21.382, +8.688,+0.900
1697607120,+3.53,+21.373, +8.680,+0.899
1697607420,+3.53,+21.356, +8.695,+0.900
1697607720,+3.53,+21.356, +8.683,+0.899
1697608020,+3.53,+21.356, +8.698,+0.900
1697608320,+3.53,+21.348, +8.697,+0.900
1697608620,+3.53,+21.348, +8.691,+0.900
1697608920,+3.53,+21.356, +8.707,+0.901
1697609220,+3.53,+21.365, +8.692,+0.900
1697609520,+3.53,+21.348, +8.691,+0.900
1697609820,+3.53,+21.331, +8.686,+0.899
1697610120,+3.53,+21.331, +8.698,+0.900
1697610420,+3.53,+21.340, +8.693,+0.900
1697610720,+3.53,+21.331, +8.703,+0.900
1697611020,+3.53,+21.331, +8.712,+0.900
1697611320,+3.53,+21.340, +8.702,+0.900
1697611620,+3.53,+21.331, +8.696,+0.900
1697611920,+3.53,+21.331, +8.673,+0.898
1697612220,+3.53,+21.323, +8.700,+0.900
1697612520,+3.53,+21.323, +8.697,+0.900
1697612820,+3.53,+21.306, +8.708,+0.900
1697613120,+3.53,+21.306, +8.694,+0.899
1697613420,+3.53,+21.315, +8.700,+0.900
1697613720,+3.53,+21.306, +8.707,+0.900
1697614020,+3.53,+21.315, +8.709,+0.900
1697614320,+3.53,+21.298, +8.706,+0.900
1697614620,+3.53,+21.298, +8.707,+0.900
1697614920,+3.53,+21.306, +8.709,+0.900
1697615220,+3.53,+21.315, +8.710,+0.900
1697615520,+3.53,+21.298, +8.701,+0.899
1697615820,+3.53,+21.306, +8.701,+0.900
1697616120,+3.53,+21.290, +8.710,+0.900
1697616420,+3.53,+21.290, +8.702,+0.900
1697616720,+3.53,+21.290, +8.712,+0.900
1697617020,+3.53,+21.290, +8.705,+0.900
1697617320,+3.53,+21.273, +8.719,+0.900
1697617620,+3.53,+21.256, +8.736,+0.901
1697617920,+3.53,+21.290, +8.709,+0.900
1697618220,+3.53,+21.281, +8.721,+0.901
1697618520,+3.53,+21.281, +8.722,+0.900
1697618820,+3.53,+21.281, +8.709,+0.900
1697619120,+3.53,+21.256, +8.728,+0.900
1697619420,+3.53,+21.290, +8.704,+0.900
1697619720,+3.53,+21.265, +8.719,+0.900
1697620020,+3.53,+21.273, +8.726,+0.901
1697620320,+3.53,+21.248, +8.728,+0.900
1697620620,+3.53,+21.240, +8.728,+0.900
1697620920,+3.53,+21.256, +8.720,+0.900
1697621220,+3.53,+21.248, +8.717,+0.900
1697621520,+3.53,+21.265, +8.712,+0.899
1697621820,+3.53,+21.256, +8.719,+0.900
1697622120,+3.53,+21.231, +8.723,+0.900
1697622420,+3.53,+21.231, +8.733,+0.900
1697622720,+3.53,+21.231, +8.725,+0.900
1697623020,+3.53,+21.231, +8.730,+0.900
1697623320,+3.53,+21.231, +8.724,+0.900
1697623620,+3.53,+21.223, +8.725,+0.900
1697623920,+3.53,+21.240, +8.735,+0.900
1697624220,+3.53,+21.240, +8.722,+0.900
1697624520,+3.53,+21.223, +8.728,+0.900
1697624820,+3.53,+21.223, +8.747,+0.900
1697625120,+3.53,+21.214, +8.747,+0.901
1697625420,+3.53,+21.223, +8.734,+0.900
1697625720,+3.53,+21.231, +8.727,+0.900
1697626020,+3.53,+21.223, +8.733,+0.900
