7450-471033
OS REV: 1.05 Sensor Cal: 1679088763
Time (sec),  BV (Volts),  T (deg C),  DO (mg/l),  Q ()
1697019420,+3.54,+20.604, +8.791,+0.900
1697019720,+3.54,+20.571, +8.801,+0.900
1697020020,+3.54,+20.512, +8.820,+0.900
1697020320,+3.54,+20.462, +8.834,+0.901
1697020620,+3.54,+20.278, +8.883,+0.901
1697020920,+3.53,+19.918, +8.943,+0.901
1697021220,+3.54,+19.600, +9.007,+0.902
1697021520,+3.54,+19.265, +9.064,+0.901
1697021820,+3.54,+18.946, +9.122,+0.902
1697022120,+3.54,+18.719, +9.172,+0.902
1697022420,+3.54,+18.560, +9.202,+0.903
1697022720,+3.54,+18.358, +9.214,+0.902
1697023020,+3.54,+18.088, +9.290,+0.903
1697023320,+3.54,+17.777, +9.330,+0.903
1697023620,+3.54,+17.388, +9.403,+0.903
1697023920,+3.54,+17.075, +9.451,+0.903
1697024220,+3.54,+16.719, +9.520,+0.903
1697024520,+3.54,+16.337, +9.592,+0.903
1697024820,+3.54,+15.928, +9.679,+0.904
1697025120,+3.54,+15.552, +9.788,+0.904
1697025420,+3.54,+15.397, +9.830,+0.905
1697025720,+3.54,+15.260, +9.817,+0.904
1697026020,+3.54,+15.063, +9.877,+0.904
1697026320,+3.54,+14.865, +9.938,+0.904
1697026620,+3.54,+14.641,+10.011,+0.905
1697026920,+3.54,+14.916, +9.930,+0.904
1697027220,+3.54,+15.355, +9.826,+0.904
1697027520,+3.54,+15.492, +9.794,+0.903
1697027820,+3.54,+15.594, +9.769,+0.903
1697028120,+3.54,+15.611, +9.781,+0.903
1697028420,+3.54,+15.876, +9.716,+0.903
1697028720,+3.54,+16.252, +9.656,+0.903
1697029020,+3.54,+16.609, +9.579,+0.902
1697029320,+3.54,+16.812, +9.554,+0.902
1697029620,+3.54,+17.075, +9.472,+0.901
1697029920,+3.53,+17.675, +9.339,+0.900
1697030220,+3.54,+18.088, +9.262,+0.900
1697030520,+3.54,+18.392, +9.201,+0.900
1697030820,+3.53,+18.669, +9.157,+0.900
1697031120,+3.53,+18.971, +9.083,+0.899
1697031420,+3.54,+19.072, +9.086,+0.900
1697031720,+3.53,+19.424, +9.012,+0.899
1697032020,+3.53,+19.860, +8.936,+0.899
1697032320,+3.53,+20.278, +8.868,+0.899
1697032620,+3.53,+20.596, +8.807,+0.899
1697032920,+3.53,+20.980, +8.748,+0.899
1697033220,+3.53,+21.306, +8.694,+0.899
1697033520,+3.53,+21.657, +8.641,+0.899
1697033820,+3.53,+22.184, +8.540,+0.898
1697034120,+3.53,+22.769, +8.445,+0.897
1697034420,+3.53,+23.011, +8.430,+0.898
1697034720,+3.53,+22.894, +8.468,+0.899
1697035020,+3.53,+22.735, +8.498,+0.899
1697035320,+3.53,+22.694, +8.507,+0.899
1697035620,+3.53,+22.685, +8.514,+0.899
1697035920,+3.53,+22.794, +8.489,+0.899
1697036220,+3.53,+22.861, +8.497,+0.900
1697036520,+3.53,+22.986, +8.468,+0.899
1697036820,+3.53,+23.195, +8.433,+0.899
1697037120,+3.53,+23.380, +8.393,+0.898
1697037420,+3.53,+23.882, +8.326,+0.898
1697037720,+3.52,+25.242, +8.099,+0.896
1697038020,+3.52,+26.482, +7.906,+0.894
1697038320,+3.53,+26.863, +7.853,+0.894
1697038620,+3.52,+26.991, +7.853,+0.894
1697038920,+3.52,+26.923, +7.862,+0.894
1697039220,+3.52,+27.279, +7.810,+0.894
1697039520,+3.52,+27.415, +7.790,+0.893
1697039820,+3.53,+27.602, +7.761,+0.893
1697040120,+3.53,+27.721, +7.741,+0.893
1697040420,+3.52,+28.028, +7.696,+0.893
1697040720,+3.52,+28.600, +7.636,+0.893
1697041020,+3.52,+29.046, +7.586,+0.892
1697041320,+3.52,+30.028, +7.455,+0.891
1697041620,+3.52,+30.278, +7.420,+0.890
1697041920,+3.53,+26.838, +5.413,+0.889
1697042220,+3.53,+21.482, +5.759,+0.901
1697042520,+3.53,+20.813, +3.465,+0.895
1697042820,+3.53,+20.479, +2.167,+0.889
1697043120,+3.53,+20.303, +1.254,+0.889
1697043420,+3.53,+20.186, +0.650,+0.885
1697043720,+3.54,+20.169, +0.409,+0.883
1697044020,+3.54,+20.119, +0.316,+0.884
1697044320,+3.53,+20.069, +0.286,+0.885
1697044620,+3.53,+20.061, +0.273,+0.886
1697044920,+3.53,+20.035, +0.269,+0.886
1697045220,+3.53,+20.035, +0.276,+0.886
1697045520,+3.53,+20.019, +0.282,+0.886
1697045820,+3.53,+20.010, +0.270,+0.886
1697046120,+3.53,+19.994, +0.282,+0.886
1697046420,+3.53,+19.994, +0.291,+0.886
1697046720,+3.53,+20.002, +0.267,+0.886
1697047020,+3.53,+19.985, +0.260,+0.886
1697047320,+3.53,+20.010, +0.274,+0.886
1697047620,+3.53,+20.019, +0.290,+0.886
1697047920,+3.53,+20.019, +0.308,+0.886
1697048220,+3.53,+20.010, +0.331,+0.886
1697048520,+3.53,+20.044, +0.356,+0.886
1697048820,+3.53,+20.035, +0.368,+0.886
1697049120,+3.53,+20.052, +0.359,+0.886
1697049420,+3.53,+20.077, +0.343,+0.886
1697049720,+3.53,+20.069, +0.350,+0.886
1697050020,+3.53,+20.069, +0.381,+0.886
1697050320,+3.53,+20.119, +0.411,+0.887
1697050620,+3.53,+20.102, +0.455,+0.887
1697050920,+3.53,+20.111, +0.527,+0.888
1697051220,+3.53,+20.128, +0.585,+0.889
1697051520,+3.53,+20.128, +0.656,+0.890
1697051820,+3.53,+20.128, +0.742,+0.891
1697052120,+3.53,+20.169, +0.815,+0.892
1697052420,+3.53,+20.153, +0.875,+0.893
1697052720,+3.53,+20.153, +0.934,+0.894
1697053020,+3.53,+20.178, +1.011,+0.895
1697053320,+3.53,+20.186, +1.058,+0.895
1697053620,+3.53,+20.186, +1.074,+0.896
1697053920,+3.53,+20.211, +1.095,+0.896
1697054220,+3.53,+20.253, +1.132,+0.897
1697054520,+3.53,+20.303, +4.081,+0.900
1697054820,+3.53,+20.370, +4.352,+0.900
1697055120,+3.53,+20.387, +4.505,+0.900
1697055420,+3.53,+20.420, +4.607,+0.901
1697055720,+3.53,+20.445, +4.724,+0.900
1697056020,+3.53,+20.470, +4.835,+0.900
1697056320,+3.53,+20.487, +4.889,+0.900
1697056620,+3.53,+20.487, +4.882,+0.900
1697056920,+3.53,+20.496, +4.872,+0.900
1697057220,+3.53,+20.496, +4.901,+0.900
1697057520,+3.53,+20.504, +5.029,+0.900
1697057820,+3.53,+20.521, +5.087,+0.900
1697058120,+3.53,+20.521, +5.041,+0.901
1697058420,+3.53,+20.512, +5.007,+0.900
1697058720,+3.53,+20.479, +3.998,+0.872
1697059020,+3.53,+19.826, +8.784,+0.903
1697059320,+3.53,+19.491, +8.836,+0.903
1697059620,+3.53,+19.307, +8.869,+0.903
1697059920,+3.53,+19.072, +8.909,+0.903
1697060220,+3.53,+18.787, +8.938,+0.903
1697060520,+3.53,+18.669, +8.963,+0.903
1697060820,+3.53,+18.627, +8.952,+0.902
1697061120,+3.53,+18.602, +8.971,+0.902
1697061420,+3.53,+18.593, +8.985,+0.903
1697061720,+3.53,+18.585, +8.965,+0.903
1697062020,+3.53,+18.518, +8.946,+0.902
1697062320,+3.53,+18.341, +8.982,+0.903
1697062620,+3.53,+18.181, +9.032,+0.903
1697062920,+3.53,+18.097, +9.057,+0.903
1697063220,+3.53,+18.021, +9.044,+0.903
1697063520,+3.53,+17.903, +9.087,+0.903
1697063820,+3.53,+17.827, +9.072,+0.902
1697064120,+3.53,+17.768, +9.098,+0.903
1697064420,+3.53,+17.718, +9.120,+0.903
1697064720,+3.53,+17.684, +9.133,+0.903
1697065020,+3.53,+17.701, +9.146,+0.904
1697065320,+3.53,+17.810, +9.122,+0.903
1697065620,+3.53,+17.945, +9.107,+0.903
1697065920,+3.53,+18.122, +9.073,+0.903
1697066220,+3.53,+18.190, +9.040,+0.902
1697066520,+3.53,+18.257, +9.014,+0.902
1697066820,+3.53,+18.299, +9.006,+0.902
1697067120,+3.53,+18.349, +9.000,+0.903
1697067420,+3.53,+18.408, +8.995,+0.903
1697067720,+3.53,+18.442, +8.989,+0.903
1697068020,+3.53,+18.509, +8.970,+0.903
1697068320,+3.53,+18.585, +8.943,+0.902
1697068620,+3.53,+18.619, +8.926,+0.902
1697068920,+3.53,+18.652, +8.919,+0.902
1697069220,+3.53,+18.736, +8.903,+0.902
1697069520,+3.53,+18.803, +8.887,+0.902
1697069820,+3.53,+18.854, +8.868,+0.901
1697070120,+3.53,+18.912, +8.870,+0.902
1697070420,+3.53,+18.980, +8.858,+0.902
1697070720,+3.53,+19.013, +8.837,+0.901
1697071020,+3.53,+19.064, +8.831,+0.901
1697071320,+3.53,+19.105, +8.835,+0.902
1697071620,+3.53,+19.173, +8.822,+0.902
1697071920,+3.53,+19.240, +8.795,+0.902
1697072220,+3.53,+19.290, +8.786,+0.902
1697072520,+3.53,+19.315, +8.783,+0.902
1697072820,+3.53,+19.374, +8.768,+0.902
1697073120,+3.53,+19.407, +8.760,+0.902
1697073420,+3.53,+19.416, +8.752,+0.901
1697073720,+3.53,+19.466, +8.743,+0.902
1697074020,+3.53,+19.458, +8.739,+0.901
1697074320,+3.53,+19.500, +8.733,+0.901
1697074620,+3.53,+19.508, +8.724,+0.901
1697074920,+3.53,+19.533, +8.728,+0.902
1697075220,+3.53,+19.541, +8.709,+0.901
1697075520,+3.53,+19.550, +8.722,+0.902
1697075820,+3.53,+19.567, +8.708,+0.901
1697076120,+3.53,+19.575, +8.705,+0.902
1697076420,+3.53,+19.583, +8.699,+0.901
1697076720,+3.53,+19.575, +8.709,+0.902
1697077020,+3.53,+19.567, +8.699,+0.901
1697077320,+3.53,+19.567, +8.692,+0.901
1697077620,+3.53,+19.583, +8.687,+0.901
1697077920,+3.53,+19.575, +8.696,+0.902
1697078220,+3.53,+19.575, +8.692,+0.902
1697078520,+3.53,+19.550, +8.703,+0.902
1697078820,+3.53,+19.558, +8.688,+0.902
1697079120,+3.53,+19.533, +8.698,+0.902
1697079420,+3.53,+19.525, +8.692,+0.902
1697079720,+3.53,+19.516, +8.677,+0.901
1697080020,+3.53,+19.483, +8.681,+0.901
1697080320,+3.53,+19.449, +8.702,+0.902
1697080620,+3.53,+19.441, +8.689,+0.901
1697080920,+3.53,+19.399, +8.708,+0.902
1697081220,+3.53,+19.382, +8.699,+0.902
1697081520,+3.53,+19.340, +8.708,+0.902
1697081820,+3.53,+19.315, +8.702,+0.902
1697082120,+3.53,+19.298, +8.704,+0.902
1697082420,+3.53,+19.256, +8.704,+0.901
1697082720,+3.53,+19.223, +8.704,+0.901
1697083020,+3.53,+19.189, +8.713,+0.902
1697083320,+3.53,+19.147, +8.714,+0.901
1697083620,+3.53,+19.105, +8.732,+0.902
1697083920,+3.53,+19.072, +8.736,+0.902
1697084220,+3.53,+19.038, +8.729,+0.902
1697084520,+3.53,+19.005, +8.744,+0.902
1697084820,+3.53,+18.971, +8.749,+0.902
1697085120,+3.52,+18.921, +8.762,+0.903
1697085420,+3.52,+18.904, +8.742,+0.902
1697085720,+3.52,+18.837, +8.763,+0.902
1697086020,+3.52,+18.820, +8.758,+0.902
1697086320,+3.52,+18.770, +8.759,+0.902
1697086620,+3.52,+18.736, +8.762,+0.902
1697086920,+3.52,+18.686, +8.769,+0.902
1697087220,+3.52,+18.644, +8.774,+0.902
1697087520,+3.53,+18.627, +8.768,+0.902
1697087820,+3.53,+18.593, +8.774,+0.902
1697088120,+3.53,+18.534, +8.793,+0.903
1697088420,+3.53,+18.509, +8.790,+0.902
1697088720,+3.53,+18.459, +8.800,+0.903
1697089020,+3.53,+18.417, +8.807,+0.903
1697089320,+3.53,+18.366, +8.812,+0.903
1697089620,+3.53,+18.358, +8.796,+0.902
1697089920,+3.53,+18.324, +8.797,+0.902
1697090220,+3.53,+18.265, +8.807,+0.902
1697090520,+3.53,+18.223, +8.821,+0.903
1697090820,+3.53,+18.198, +8.823,+0.903
1697091120,+3.53,+18.164, +8.816,+0.902
1697091420,+3.53,+18.122, +8.832,+0.903
1697091720,+3.53,+18.080, +8.825,+0.902
1697092020,+3.53,+18.046, +8.840,+0.902
1697092320,+3.53,+18.004, +8.837,+0.902
1697092620,+3.53,+17.971, +8.837,+0.902
1697092920,+3.53,+17.937, +8.855,+0.903
1697093220,+3.53,+17.903, +8.844,+0.902
1697093520,+3.53,+17.878, +8.859,+0.903
1697093820,+3.52,+17.844, +8.853,+0.902
1697094120,+3.52,+17.793, +8.867,+0.902
1697094420,+3.52,+17.785, +8.849,+0.902
1697094720,+3.52,+17.734, +8.876,+0.903
1697095020,+3.52,+17.692, +8.870,+0.902
1697095320,+3.52,+17.675, +8.872,+0.902
1697095620,+3.52,+17.642, +8.882,+0.903
1697095920,+3.52,+17.599, +8.892,+0.903
1697096220,+3.52,+17.574, +8.879,+0.902
1697096520,+3.52,+17.549, +8.880,+0.902
1697096820,+3.52,+17.506, +8.885,+0.902
1697097120,+3.52,+17.481, +8.889,+0.902
1697097420,+3.53,+17.439, +8.910,+0.903
1697097720,+3.53,+17.405, +8.906,+0.903
1697098020,+3.53,+17.363, +8.921,+0.903
1697098320,+3.53,+17.354, +8.911,+0.903
1697098620,+3.53,+17.312, +8.912,+0.902
1697098920,+3.53,+17.270, +8.928,+0.903
1697099220,+3.53,+17.244, +8.925,+0.903
1697099520,+3.53,+17.228, +8.921,+0.903
1697099820,+3.53,+17.202, +8.923,+0.903
1697100120,+3.53,+17.185, +8.920,+0.902
1697100420,+3.53,+17.126, +8.938,+0.903
1697100720,+3.53,+17.151, +8.916,+0.902
1697101020,+3.53,+17.084, +8.952,+0.904
1697101320,+3.53,+17.067, +8.932,+0.902
1697101620,+3.53,+17.058, +8.927,+0.902
1697101920,+3.53,+17.024, +8.942,+0.903
1697102220,+3.53,+17.016, +8.933,+0.903
1697102520,+3.53,+16.974, +8.938,+0.902
1697102820,+3.53,+16.974, +8.928,+0.902
1697103120,+3.53,+16.923, +8.946,+0.903
1697103420,+3.53,+16.906, +8.943,+0.903
1697103720,+3.53,+16.880, +8.943,+0.902
1697104020,+3.53,+16.846, +8.951,+0.903
1697104320,+3.53,+16.846, +8.963,+0.903
1697104620,+3.53,+16.821, +8.953,+0.903
1697104920,+3.52,+16.787, +8.964,+0.903
1697105220,+3.52,+16.762, +8.960,+0.903
1697105520,+3.52,+16.745, +8.961,+0.903
1697105820,+3.52,+16.728, +8.960,+0.903
