7450-269898
OS REV: 1.05 Sensor Cal: 1678994772
Time (sec),  BV (Volts),  T (deg C),  DO (mg/l),  Q ()
1698181560,+3.50,+17.878, +9.216,+0.955
1698181860,+3.50,+18.122, +9.170,+0.955
1698182160,+3.50,+18.282, +9.137,+0.955
1698182460,+3.50,+18.333, +9.127,+0.955
1698182760,+3.50,+18.316, +9.128,+0.955
1698183060,+3.50,+18.232, +9.146,+0.955
1698183360,+3.50,+18.097, +9.176,+0.956
1698183660,+3.50,+18.004, +9.183,+0.955
1698183960,+3.50,+17.878, +9.190,+0.953
1698184260,+3.50,+17.624, +9.238,+0.953
1698184560,+3.50,+17.396, +9.274,+0.953
1698184860,+3.50,+17.235, +9.302,+0.953
1698185160,+3.50,+17.074, +9.342,+0.954
1698185460,+3.50,+16.888, +9.373,+0.953
1698185760,+3.50,+16.650, +9.430,+0.954
1698186060,+3.50,+16.429, +9.480,+0.954
1698186360,+3.50,+16.267, +9.502,+0.954
1698186660,+3.50,+16.113, +9.531,+0.954
1698186960,+3.50,+16.019, +9.555,+0.954
1698187260,+3.50,+15.994, +9.551,+0.953
1698187560,+3.50,+16.036, +9.517,+0.954
1698187860,+3.50,+16.096, +9.487,+0.954
1698188160,+3.50,+16.190, +9.470,+0.954
1698188460,+3.50,+16.258, +9.480,+0.954
1698188760,+3.50,+16.292, +9.452,+0.954
1698189060,+3.50,+16.386, +9.454,+0.955
1698189360,+3.50,+16.480, +9.421,+0.954
1698189660,+3.50,+16.582, +9.409,+0.954
1698189960,+3.50,+16.658, +9.407,+0.953
1698190260,+3.50,+16.760, +9.392,+0.954
1698190560,+3.50,+16.837, +9.362,+0.954
1698190860,+3.50,+16.930, +9.336,+0.954
1698191160,+3.50,+16.998, +9.323,+0.954
1698191460,+3.50,+17.091, +9.302,+0.954
1698191760,+3.50,+17.150, +9.311,+0.954
1698192060,+3.50,+17.235, +9.290,+0.953
1698192360,+3.50,+17.294, +9.279,+0.954
1698192660,+3.50,+17.345, +9.263,+0.954
1698192960,+3.50,+17.269, +9.277,+0.953
1698193260,+3.50,+17.040, +9.312,+0.953
1698193560,+3.50,+17.057, +9.325,+0.953
1698193860,+3.50,+17.159, +9.303,+0.953
1698194160,+3.50,+17.294, +9.283,+0.953
1698194460,+3.50,+17.430, +9.267,+0.954
1698194760,+3.50,+17.548, +9.247,+0.954
1698195060,+3.49,+17.709, +9.197,+0.953
1698195360,+3.49,+17.827, +9.181,+0.954
1698195660,+3.50,+17.928, +9.158,+0.953
1698195960,+3.50,+18.029, +9.135,+0.953
1698196260,+3.50,+18.139, +9.110,+0.953
1698196560,+3.50,+18.215, +9.095,+0.953
1698196860,+3.50,+18.308, +9.088,+0.954
1698197160,+3.50,+18.383, +9.061,+0.953
1698197460,+3.50,+18.468, +9.051,+0.953
1698197760,+3.50,+18.518, +9.041,+0.953
1698198060,+3.50,+18.594, +9.018,+0.953
1698198360,+3.49,+18.636, +9.012,+0.953
1698198660,+3.49,+18.720, +8.993,+0.953
1698198960,+3.49,+18.770, +8.981,+0.952
1698199260,+3.49,+18.863, +8.958,+0.953
1698199560,+3.49,+18.896, +8.963,+0.953
1698199860,+3.50,+18.930, +8.954,+0.953
1698200160,+3.50,+18.997, +8.945,+0.953
1698200460,+3.50,+19.039, +8.945,+0.954
1698200760,+3.50,+19.081, +8.903,+0.952
1698201060,+3.50,+19.148, +8.905,+0.953
1698201360,+3.50,+19.173, +8.899,+0.953
1698201660,+3.50,+19.224, +8.876,+0.952
1698201960,+3.50,+19.249, +8.884,+0.953
1698202260,+3.50,+19.283, +8.870,+0.952
1698202560,+3.50,+19.325, +8.870,+0.953
1698202860,+3.50,+19.358, +8.858,+0.953
1698203160,+3.50,+19.392, +8.861,+0.954
1698203460,+3.50,+19.434, +8.832,+0.952
1698203760,+3.50,+19.476, +8.839,+0.953
1698204060,+3.50,+19.526, +8.825,+0.953
1698204360,+3.50,+19.543, +8.819,+0.953
1698204660,+3.50,+19.576, +8.805,+0.952
1698204960,+3.50,+19.593, +8.802,+0.952
1698205260,+3.50,+19.643, +8.799,+0.953
1698205560,+3.50,+19.668, +8.786,+0.953
1698205860,+3.49,+19.702, +8.780,+0.953
1698206160,+3.49,+19.719, +8.781,+0.953
1698206460,+3.49,+19.752, +8.773,+0.953
1698206760,+3.49,+19.769, +8.769,+0.953
1698207060,+3.49,+19.802, +8.762,+0.953
1698207360,+3.49,+19.836, +8.751,+0.953
1698207660,+3.49,+19.853, +8.738,+0.952
1698207960,+3.49,+19.903, +8.727,+0.952
1698208260,+3.49,+19.903, +8.740,+0.953
1698208560,+3.49,+19.945, +8.727,+0.953
1698208860,+3.49,+19.970, +8.717,+0.953
1698209160,+3.49,+19.987, +8.721,+0.954
1698209460,+3.49,+20.003, +8.711,+0.953
1698209760,+3.50,+20.029, +8.707,+0.953
1698210060,+3.50,+20.054, +8.697,+0.953
1698210360,+3.50,+20.070, +8.693,+0.953
1698210660,+3.50,+20.079, +8.691,+0.953
1698210960,+3.50,+20.121, +8.675,+0.953
1698211260,+3.50,+20.137, +8.670,+0.953
1698211560,+3.50,+20.146, +8.677,+0.953
1698211860,+3.50,+20.179, +8.673,+0.954
1698212160,+3.50,+20.188, +8.658,+0.953
1698212460,+3.50,+20.204, +8.662,+0.953
1698212760,+3.50,+20.221, +8.648,+0.953
1698213060,+3.50,+20.238, +8.643,+0.953
1698213360,+3.50,+20.255, +8.642,+0.953
1698213660,+3.50,+20.271, +8.640,+0.953
1698213960,+3.50,+20.296, +8.631,+0.953
1698214260,+3.50,+20.296, +8.629,+0.953
1698214560,+3.50,+20.338, +8.617,+0.953
1698214860,+3.50,+20.347, +8.617,+0.953
1698215160,+3.50,+20.355, +8.610,+0.953
1698215460,+3.50,+20.389, +8.605,+0.953
1698215760,+3.50,+20.372, +8.610,+0.953
1698216060,+3.50,+20.414, +8.604,+0.954
1698216360,+3.50,+20.414, +8.593,+0.953
1698216660,+3.50,+20.430, +8.596,+0.953
1698216960,+3.50,+20.439, +8.586,+0.953
1698217260,+3.50,+20.430, +8.597,+0.953
1698217560,+3.50,+20.455, +8.573,+0.953
1698217860,+3.50,+20.481, +8.577,+0.953
1698218160,+3.50,+20.489, +8.568,+0.953
1698218460,+3.50,+20.489, +8.565,+0.953
1698218760,+3.50,+20.514, +8.556,+0.952
1698219060,+3.50,+20.531, +8.555,+0.953
1698219360,+3.50,+20.548, +8.555,+0.953
1698219660,+3.50,+20.548, +8.545,+0.953
1698219960,+3.50,+20.573, +8.546,+0.953
1698220260,+3.50,+20.573, +8.547,+0.953
1698220560,+3.50,+20.573, +8.539,+0.953
1698220860,+3.50,+20.598, +8.529,+0.953
1698221160,+3.50,+20.598, +8.538,+0.953
1698221460,+3.50,+20.598, +8.533,+0.953
1698221760,+3.50,+20.623, +8.528,+0.954
1698222060,+3.50,+20.614, +8.520,+0.953
1698222360,+3.50,+20.640, +8.511,+0.953
1698222660,+3.50,+20.623, +8.526,+0.953
1698222960,+3.50,+20.665, +8.505,+0.953
1698223260,+3.50,+20.673, +8.515,+0.954
1698223560,+3.50,+20.673, +8.502,+0.953
1698223860,+3.50,+20.698, +8.487,+0.952
1698224160,+3.50,+20.698, +8.504,+0.954
1698224460,+3.50,+20.706, +8.498,+0.953
1698224760,+3.50,+20.723, +8.486,+0.953
1698225060,+3.50,+20.732, +8.483,+0.953
1698225360,+3.50,+20.732, +8.476,+0.953
1698225660,+3.50,+20.723, +8.483,+0.953
1698225960,+3.50,+20.740, +8.473,+0.953
1698226260,+3.50,+20.732, +8.479,+0.953
1698226560,+3.50,+20.723, +8.492,+0.954
1698226860,+3.50,+20.748, +8.479,+0.954
1698227160,+3.50,+20.757, +8.480,+0.954
1698227460,+3.50,+20.790, +8.472,+0.954
1698227760,+3.50,+20.773, +8.458,+0.953
1698228060,+3.50,+20.807, +8.453,+0.953
1698228360,+3.50,+20.807, +8.461,+0.954
1698228660,+3.50,+20.824, +8.454,+0.954
1698228960,+3.50,+20.798, +8.448,+0.953
1698229260,+3.50,+20.832, +8.439,+0.953
1698229560,+3.50,+20.815, +8.442,+0.953
1698229860,+3.50,+20.798, +8.452,+0.954
1698230160,+3.50,+20.824, +8.445,+0.953
1698230460,+3.50,+20.849, +8.435,+0.953
1698230760,+3.50,+20.832, +8.435,+0.953
1698231060,+3.50,+20.832, +8.431,+0.953
1698231360,+3.50,+20.840, +8.432,+0.953
1698231660,+3.50,+20.874, +8.423,+0.953
1698231960,+3.50,+20.874, +8.418,+0.953
1698232260,+3.50,+20.865, +8.429,+0.954
1698232560,+3.50,+20.874, +8.416,+0.953
1698232860,+3.50,+20.874, +8.418,+0.953
1698233160,+3.50,+20.874, +8.423,+0.954
1698233460,+3.50,+20.865, +8.409,+0.953
1698233760,+3.50,+20.882, +8.402,+0.953
1698234060,+3.50,+20.857, +8.411,+0.953
1698234360,+3.50,+20.882, +8.406,+0.953
1698234660,+3.50,+20.890, +8.392,+0.953
1698234960,+3.50,+20.882, +8.400,+0.953
1698235260,+3.50,+20.890, +8.401,+0.953
1698235560,+3.50,+20.916, +8.401,+0.954
1698235860,+3.50,+20.916, +8.384,+0.953
1698236160,+3.50,+20.941, +8.389,+0.954
1698236460,+3.50,+20.941, +8.377,+0.953
1698236760,+3.50,+20.924, +8.385,+0.953
1698237060,+3.50,+20.924, +8.381,+0.953
1698237360,+3.50,+20.924, +8.379,+0.953
1698237660,+3.50,+20.924, +8.383,+0.954
1698237960,+3.50,+20.924, +8.373,+0.953
1698238260,+3.50,+20.907, +8.375,+0.953
1698238560,+3.50,+20.924, +8.372,+0.953
1698238860,+3.50,+20.941, +8.364,+0.953
1698239160,+3.50,+20.916, +8.371,+0.953
1698239460,+3.50,+20.932, +8.359,+0.953
1698239760,+3.50,+20.949, +8.361,+0.954
1698240060,+3.50,+20.949, +8.354,+0.953
1698240360,+3.50,+20.949, +8.358,+0.954
1698240660,+3.50,+20.949, +8.350,+0.953
1698240960,+3.50,+20.966, +8.342,+0.953
1698241260,+3.50,+20.957, +8.348,+0.953
1698241560,+3.50,+20.949, +8.355,+0.954
1698241860,+3.50,+20.982, +8.336,+0.953
1698242160,+3.50,+20.999, +8.331,+0.953
1698242460,+3.50,+20.982, +8.327,+0.953
1698242760,+3.50,+21.024, +8.325,+0.954
1698243060,+3.50,+21.016, +8.326,+0.953
1698243360,+3.50,+21.016, +8.318,+0.953
1698243660,+3.50,+21.041, +8.312,+0.953
1698243960,+3.50,+21.024, +8.324,+0.954
1698244260,+3.50,+21.033, +8.306,+0.953
1698244560,+3.50,+21.074, +8.306,+0.954
1698244860,+3.50,+21.074, +8.297,+0.953
1698245160,+3.50,+21.083, +8.303,+0.954
1698245460,+3.50,+21.083, +8.291,+0.953
1698245760,+3.50,+21.091, +8.299,+0.954
1698246060,+3.50,+21.100, +8.282,+0.953
1698246360,+3.50,+21.116, +8.289,+0.953
1698246660,+3.50,+21.133, +8.277,+0.953
1698246960,+3.50,+21.133, +8.282,+0.954
1698247260,+3.50,+21.133, +8.286,+0.954
1698247560,+3.50,+21.150, +8.261,+0.953
1698247860,+3.50,+21.166, +8.269,+0.954
1698248160,+3.50,+21.166, +8.261,+0.953
1698248460,+3.50,+21.183, +8.252,+0.953
1698248760,+3.50,+21.175, +8.269,+0.954
1698249060,+3.51,+21.200, +8.238,+0.953
1698249360,+3.50,+21.200, +8.244,+0.953
1698249660,+3.50,+21.208, +8.244,+0.954
1698249960,+3.50,+21.208, +8.235,+0.953
1698250260,+3.50,+21.217, +8.228,+0.953
1698250560,+3.50,+21.233, +8.227,+0.953
1698250860,+3.51,+21.233, +8.231,+0.954
1698251160,+3.51,+21.225, +8.228,+0.954
1698251460,+3.51,+21.267, +8.218,+0.954
1698251760,+3.51,+21.242, +8.221,+0.953
1698252060,+3.51,+21.258, +8.220,+0.954
1698252360,+3.51,+21.258, +8.207,+0.953
1698252660,+3.51,+21.267, +8.183,+0.954
1698252960,+3.50,+21.275, +8.139,+0.953
1698253260,+3.50,+21.283, +8.116,+0.953
1698253560,+3.50,+21.283, +8.108,+0.953
1698253860,+3.51,+21.292, +8.093,+0.953
1698254160,+3.50,+21.300, +8.090,+0.953
1698254460,+3.50,+21.317, +8.074,+0.953
1698254760,+3.50,+21.300, +8.072,+0.953
1698255060,+3.50,+21.309, +8.072,+0.953
1698255360,+3.51,+21.325, +8.061,+0.953
1698255660,+3.50,+21.325, +8.075,+0.954
1698255960,+3.51,+21.317, +8.056,+0.953
1698256260,+3.51,+21.342, +8.051,+0.954
1698256560,+3.51,+21.350, +8.040,+0.953
1698256860,+3.51,+21.334, +8.040,+0.953
1698257160,+3.50,+21.342, +8.027,+0.952
1698257460,+3.50,+21.342, +8.042,+0.953
1698257760,+3.51,+21.350, +8.039,+0.954
1698258060,+3.51,+21.375, +8.023,+0.953
1698258360,+3.51,+21.375, +8.021,+0.953
1698258660,+3.51,+21.392, +8.008,+0.953
1698258960,+3.51,+21.400, +8.013,+0.954
1698259260,+3.51,+21.417, +8.001,+0.953
1698259560,+3.51,+21.417, +8.001,+0.953
1698259860,+3.51,+21.409, +7.998,+0.953
1698260160,+3.51,+21.409, +8.004,+0.954
1698260460,+3.51,+21.417, +7.992,+0.954
1698260760,+3.50,+21.400, +7.992,+0.954
1698261060,+3.51,+21.417, +7.985,+0.953
1698261360,+3.51,+21.417, +7.977,+0.953
1698261660,+3.50,+21.409, +7.974,+0.953
1698261960,+3.51,+21.434, +7.974,+0.954
1698262260,+3.51,+21.426, +7.966,+0.954
1698262560,+3.51,+21.417, +7.960,+0.953
1698262860,+3.51,+21.434, +7.964,+0.954
1698263160,+3.51,+21.426, +7.960,+0.954
1698263460,+3.51,+21.417, +7.955,+0.953
1698263760,+3.51,+21.426, +7.952,+0.954
1698264060,+3.51,+21.417, +7.946,+0.953
1698264360,+3.51,+21.434, +7.943,+0.953
1698264660,+3.51,+21.426, +7.948,+0.954
1698264960,+3.51,+21.442, +7.925,+0.953
1698265260,+3.51,+21.426, +7.938,+0.953
1698265560,+3.51,+21.442, +7.928,+0.953
1698265860,+3.51,+21.442, +7.926,+0.953
1698266160,+3.51,+21.459, +7.922,+0.953
1698266460,+3.51,+21.451, +7.921,+0.953
1698266760,+3.51,+21.451, +7.917,+0.953
1698267060,+3.51,+21.442, +7.925,+0.954
1698267360,+3.51,+21.451, +7.908,+0.953
1698267660,+3.51,+21.434, +7.911,+0.954
1698267960,+3.51,+21.417, +7.909,+0.953
