7450-269898
OS REV: 1.05 Sensor Cal: 1678994772
Time (sec),  BV (Volts),  T (deg C),  DO (mg/l),  Q ()
1697661360,+3.51,+17.032, +9.322,+0.958
1697661660,+3.51,+16.905, +9.344,+0.957
1697661960,+3.51,+16.879, +9.348,+0.958
1697662260,+3.51,+16.837, +9.357,+0.958
1697662560,+3.51,+16.811, +9.362,+0.958
1697662860,+3.51,+16.786, +9.376,+0.958
1697663160,+3.50,+16.726, +9.381,+0.958
1697663460,+3.50,+16.735, +9.375,+0.958
1697663760,+3.50,+16.684, +9.386,+0.958
1697664060,+3.51,+16.896, +9.334,+0.958
1697664360,+3.51,+17.006, +9.314,+0.961
1697664660,+3.51,+16.896, +9.338,+0.960
1697664960,+3.50,+16.709, +9.372,+0.960
1697665260,+3.50,+16.539, +9.407,+0.960
1697665560,+3.51,+16.403, +9.440,+0.960
1697665860,+3.51,+16.284, +9.457,+0.961
1697666160,+3.51,+16.181, +9.470,+0.961
1697666460,+3.51,+16.096, +9.489,+0.961
1697666760,+3.51,+16.028, +9.494,+0.960
1697667060,+3.51,+15.968, +9.515,+0.961
1697667360,+3.51,+15.925, +9.513,+0.960
1697667660,+3.51,+15.866, +9.531,+0.960
1697667960,+3.51,+15.806, +9.551,+0.961
1697668260,+3.51,+15.763, +9.559,+0.958
1697668560,+3.51,+15.771, +9.557,+0.958
1697668860,+3.51,+15.797, +9.560,+0.959
1697669160,+3.51,+15.814, +9.536,+0.958
1697669460,+3.51,+15.874, +9.528,+0.958
1697669760,+3.51,+15.934, +9.510,+0.959
1697670060,+3.51,+16.011, +9.518,+0.959
1697670360,+3.51,+16.113, +9.492,+0.958
1697670660,+3.51,+16.233, +9.455,+0.958
1697670960,+3.50,+16.343, +9.447,+0.958
1697671260,+3.50,+16.497, +9.402,+0.958
1697671560,+3.50,+16.633, +9.377,+0.958
1697671860,+3.50,+16.777, +9.361,+0.958
1697672160,+3.51,+16.947, +9.323,+0.958
1697672460,+3.51,+17.108, +9.284,+0.957
1697672760,+3.50,+17.252, +9.265,+0.958
1697673060,+3.50,+17.413, +9.227,+0.958
1697673360,+3.50,+17.557, +9.206,+0.957
1697673660,+3.50,+17.717, +9.165,+0.957
1697673960,+3.50,+17.861, +9.138,+0.957
1697674260,+3.51,+17.979, +9.113,+0.957
1697674560,+3.50,+18.088, +9.109,+0.958
1697674860,+3.50,+18.206, +9.080,+0.958
1697675160,+3.50,+18.299, +9.072,+0.958
1697675460,+3.50,+18.417, +9.038,+0.957
1697675760,+3.50,+18.484, +9.013,+0.957
1697676060,+3.50,+18.568, +9.006,+0.957
1697676360,+3.50,+18.653, +8.994,+0.957
1697676660,+3.50,+18.720, +8.966,+0.956
1697676960,+3.50,+18.779, +8.958,+0.957
1697677260,+3.50,+18.821, +8.958,+0.957
1697677560,+3.50,+18.854, +8.938,+0.956
1697677860,+3.50,+18.888, +8.935,+0.957
1697678160,+3.50,+18.913, +8.922,+0.956
1697678460,+3.50,+18.922, +8.925,+0.956
1697678760,+3.50,+18.930, +8.921,+0.956
1697679060,+3.50,+18.947, +8.916,+0.957
1697679360,+3.50,+18.930, +8.926,+0.957
1697679660,+3.50,+18.938, +8.924,+0.957
1697679960,+3.50,+18.947, +8.923,+0.957
1697680260,+3.50,+18.913, +8.924,+0.957
1697680560,+3.50,+18.905, +8.928,+0.957
1697680860,+3.50,+18.871, +8.945,+0.958
1697681160,+3.50,+18.854, +8.925,+0.956
1697681460,+3.50,+18.821, +8.926,+0.956
1697681760,+3.50,+18.770, +8.940,+0.957
1697682060,+3.50,+18.762, +8.947,+0.957
1697682360,+3.50,+18.703, +8.955,+0.957
1697682660,+3.50,+18.669, +8.958,+0.957
1697682960,+3.50,+18.619, +8.967,+0.957
1697683260,+3.50,+18.577, +8.979,+0.957
1697683560,+3.50,+18.510, +8.988,+0.957
1697683860,+3.50,+18.459, +8.994,+0.957
1697684160,+3.50,+18.392, +9.005,+0.957
1697684460,+3.50,+18.333, +9.008,+0.956
1697684760,+3.50,+18.274, +9.016,+0.956
1697685060,+3.50,+18.198, +9.036,+0.956
1697685360,+3.50,+18.131, +9.051,+0.957
1697685660,+3.50,+18.072, +9.058,+0.957
1697685960,+3.50,+17.970, +9.064,+0.956
1697686260,+3.50,+17.903, +9.077,+0.956
1697686560,+3.50,+17.819, +9.101,+0.957
1697686860,+3.50,+17.751, +9.098,+0.956
1697687160,+3.50,+17.667, +9.123,+0.957
1697687460,+3.50,+17.574, +9.137,+0.957
1697687760,+3.50,+17.506, +9.147,+0.957
1697688060,+3.50,+17.413, +9.164,+0.957
1697688360,+3.50,+17.320, +9.187,+0.957
1697688660,+3.50,+17.235, +9.192,+0.957
1697688960,+3.50,+17.125, +9.219,+0.957
1697689260,+3.50,+17.040, +9.238,+0.957
1697689560,+3.50,+16.964, +9.256,+0.958
1697689860,+3.50,+16.845, +9.273,+0.957
1697690160,+3.50,+16.769, +9.282,+0.957
1697690460,+3.50,+16.658, +9.289,+0.957
1697690760,+3.50,+16.573, +9.324,+0.958
1697691060,+3.50,+16.480, +9.323,+0.957
1697691360,+3.50,+16.377, +9.356,+0.958
1697691660,+3.50,+16.267, +9.367,+0.957
1697691960,+3.50,+16.173, +9.387,+0.957
1697692260,+3.50,+16.062, +9.414,+0.958
1697692560,+3.51,+15.994, +9.420,+0.958
1697692860,+3.51,+15.866, +9.459,+0.958
1697693160,+3.51,+15.771, +9.467,+0.958
1697693460,+3.50,+15.686, +9.486,+0.958
1697693760,+3.50,+15.566, +9.510,+0.958
1697694060,+3.50,+15.463, +9.529,+0.958
1697694360,+3.50,+15.360, +9.547,+0.958
1697694660,+3.50,+15.249, +9.585,+0.959
1697694960,+3.50,+15.163, +9.592,+0.958
1697695260,+3.50,+15.068, +9.609,+0.959
1697695560,+3.51,+14.956, +9.630,+0.958
1697695860,+3.51,+14.870, +9.637,+0.958
1697696160,+3.51,+14.758, +9.683,+0.959
1697696460,+3.50,+14.645, +9.680,+0.958
1697696760,+3.50,+14.559, +9.711,+0.959
1697697060,+3.50,+14.464, +9.722,+0.958
1697697360,+3.50,+14.377, +9.748,+0.959
1697697660,+3.50,+14.265, +9.766,+0.958
1697697960,+3.50,+14.169, +9.802,+0.959
1697698260,+3.50,+14.074, +9.805,+0.958
1697698560,+3.50,+13.987, +9.827,+0.959
1697698860,+3.50,+13.874, +9.853,+0.959
1697699160,+3.51,+13.787, +9.867,+0.959
1697699460,+3.51,+13.708, +9.885,+0.959
1697699760,+3.51,+13.603, +9.902,+0.959
1697700060,+3.50,+13.499, +9.931,+0.959
1697700360,+3.50,+13.411, +9.945,+0.959
1697700660,+3.50,+13.315, +9.967,+0.959
1697700960,+3.50,+13.227, +9.980,+0.959
1697701260,+3.50,+13.139,+10.007,+0.959
1697701560,+3.50,+13.060,+10.022,+0.959
1697701860,+3.50,+12.937,+10.060,+0.960
1697702160,+3.50,+12.867,+10.066,+0.959
1697702460,+3.51,+12.761,+10.093,+0.960
1697702760,+3.51,+12.664,+10.117,+0.960
1697703060,+3.51,+12.611,+10.124,+0.960
1697703360,+3.51,+12.532,+10.138,+0.960
1697703660,+3.51,+12.417,+10.163,+0.960
1697703960,+3.50,+12.355,+10.187,+0.960
1697704260,+3.50,+12.266,+10.213,+0.961
1697704560,+3.50,+12.177,+10.214,+0.959
1697704860,+3.50,+12.088,+10.245,+0.960
1697705160,+3.50,+12.008,+10.254,+0.960
1697705460,+3.50,+11.937,+10.261,+0.959
1697705760,+3.50,+11.839,+10.299,+0.960
1697706060,+3.50,+11.759,+10.307,+0.959
1697706360,+3.50,+11.661,+10.354,+0.961
1697706660,+3.51,+11.598,+10.366,+0.961
1697706960,+3.50,+11.571,+10.360,+0.960
1697707260,+3.51,+11.464,+10.386,+0.960
1697707560,+3.51,+11.347,+10.409,+0.960
1697707860,+3.51,+11.293,+10.433,+0.961
1697708160,+3.50,+11.221,+10.451,+0.961
1697708460,+3.50,+11.176,+10.446,+0.960
1697708760,+3.50,+11.086,+10.483,+0.961
1697709060,+3.50,+11.014,+10.494,+0.961
1697709360,+3.50,+10.969,+10.502,+0.960
1697709660,+3.50,+10.897,+10.524,+0.961
1697709960,+3.50,+10.825,+10.538,+0.961
1697710260,+3.50,+10.743,+10.562,+0.961
1697710560,+3.50,+10.680,+10.581,+0.961
1697710860,+3.50,+10.625,+10.593,+0.961
1697711160,+3.50,+10.562,+10.595,+0.960
1697711460,+3.50,+10.489,+10.610,+0.960
1697711760,+3.50,+10.426,+10.636,+0.961
1697712060,+3.50,+10.353,+10.649,+0.960
1697712360,+3.50,+10.325,+10.660,+0.961
1697712660,+3.50,+10.271,+10.674,+0.961
1697712960,+3.50,+10.216,+10.692,+0.961
1697713260,+3.50,+10.134,+10.717,+0.961
1697713560,+3.50,+10.097,+10.713,+0.961
1697713860,+3.50,+10.042,+10.723,+0.961
1697714160,+3.50, +9.997,+10.743,+0.961
1697714460,+3.50, +9.933,+10.763,+0.961
1697714760,+3.50, +9.887,+10.761,+0.961
1697715060,+3.50, +9.832,+10.793,+0.962
1697715360,+3.50, +9.813,+10.776,+0.961
1697715660,+3.50, +9.758,+10.798,+0.961
1697715960,+3.50, +9.712,+10.806,+0.961
1697716260,+3.50, +9.657,+10.817,+0.961
1697716560,+3.50, +9.630,+10.832,+0.961
1697716860,+3.50, +9.584,+10.837,+0.961
1697717160,+3.50, +9.565,+10.846,+0.961
1697717460,+3.50, +9.519,+10.876,+0.962
1697717760,+3.50, +9.491,+10.872,+0.961
1697718060,+3.50, +9.491,+10.869,+0.961
1697718360,+3.50, +9.482,+10.878,+0.962
1697718660,+3.50, +9.473,+10.876,+0.961
1697718960,+3.50, +9.473,+10.871,+0.961
1697719260,+3.50, +9.454,+10.887,+0.962
1697719560,+3.50, +9.482,+10.866,+0.961
1697719860,+3.50, +9.464,+10.888,+0.962
1697720160,+3.50, +9.482,+10.871,+0.962
1697720460,+3.50, +9.501,+10.864,+0.962
1697720760,+3.50, +9.501,+10.862,+0.961
1697721060,+3.50, +9.528,+10.860,+0.962
1697721360,+3.50, +9.556,+10.849,+0.961
1697721660,+3.50, +9.574,+10.847,+0.962
1697721960,+3.50, +9.620,+10.821,+0.961
1697722260,+3.50, +9.630,+10.832,+0.962
1697722560,+3.50, +9.676,+10.812,+0.961
1697722860,+3.50, +9.694,+10.807,+0.961
1697723160,+3.50, +9.731,+10.806,+0.961
1697723460,+3.49, +9.749,+10.799,+0.961
1697723760,+3.49, +9.832,+10.780,+0.961
1697724060,+3.49, +9.896,+10.752,+0.961
1697724360,+3.49, +9.942,+10.736,+0.961
1697724660,+3.49, +9.997,+10.734,+0.961
1697724960,+3.50,+10.061,+10.718,+0.961
1697725260,+3.50,+10.161,+10.675,+0.961
1697725560,+3.50,+10.234,+10.666,+0.961
1697725860,+3.50,+10.335,+10.644,+0.961
1697726160,+3.50,+10.444,+10.614,+0.961
1697726460,+3.50,+10.526,+10.604,+0.962
1697726760,+3.49,+10.662,+10.554,+0.961
1697727060,+3.49,+10.797,+10.522,+0.961
1697727360,+3.49,+10.924,+10.493,+0.961
1697727660,+3.49,+11.059,+10.460,+0.961
1697727960,+3.49,+11.194,+10.402,+0.961
1697728260,+3.50,+11.419,+10.337,+0.960
1697728560,+3.50,+11.562,+10.308,+0.961
1697728860,+3.49,+11.741,+10.269,+0.961
1697729160,+3.49,+11.902,+10.219,+0.960
1697729460,+3.49,+12.088,+10.172,+0.960
1697729760,+3.49,+12.266,+10.174,+0.961
1697730060,+3.49,+12.470,+10.109,+0.959
1697730360,+3.49,+12.682,+10.074,+0.960
1697730660,+3.49,+12.884,+10.020,+0.960
1697730960,+3.49,+13.104, +9.972,+0.960
1697731260,+3.49,+13.455, +9.886,+0.959
1697731560,+3.49,+13.769, +9.822,+0.959
1697731860,+3.49,+14.039, +9.775,+0.960
1697732160,+3.49,+14.334, +9.702,+0.959
1697732460,+3.49,+14.602, +9.642,+0.959
1697732760,+3.49,+14.861, +9.588,+0.959
1697733060,+3.49,+15.120, +9.529,+0.958
1697733360,+3.49,+15.369, +9.486,+0.959
1697733660,+3.49,+15.592, +9.431,+0.958
1697733960,+3.49,+15.823, +9.387,+0.958
1697734260,+3.49,+16.028, +9.349,+0.958
1697734560,+3.49,+16.233, +9.305,+0.958
1697734860,+3.49,+16.446, +9.259,+0.958
1697735160,+3.48,+16.633, +9.219,+0.958
1697735460,+3.49,+16.811, +9.174,+0.957
1697735760,+3.49,+16.981, +9.146,+0.957
1697736060,+3.49,+17.150, +9.115,+0.957
1697736360,+3.49,+17.328, +9.071,+0.957
1697736660,+3.49,+17.472, +9.048,+0.957
1697736960,+3.48,+17.624, +9.025,+0.957
1697737260,+3.48,+17.759, +8.994,+0.957
1697737560,+3.49,+17.920, +8.961,+0.956
1697737860,+3.49,+18.080, +8.934,+0.957
1697738160,+3.49,+18.164, +8.918,+0.957
1697738460,+3.49,+18.299, +8.879,+0.957
1697738760,+3.49,+18.459, +8.839,+0.956
1697739060,+3.48,+18.577, +8.820,+0.956
1697739360,+3.48,+18.627, +8.827,+0.957
1697739660,+3.48,+18.686, +8.809,+0.957
1697739960,+3.48,+18.711, +8.812,+0.957
1697740260,+3.48,+18.787, +8.776,+0.956
1697740560,+3.48,+18.812, +8.783,+0.956
1697740860,+3.48,+18.880, +8.775,+0.957
1697741160,+3.48,+18.913, +8.765,+0.957
1697741460,+3.49,+18.955, +8.758,+0.957
1697741760,+3.49,+18.997, +8.756,+0.957
1697742060,+3.49,+19.056, +8.743,+0.959
1697742360,+3.49,+19.199, +8.727,+0.961
1697742660,+3.49,+19.400, +8.712,+0.961
1697742960,+3.49,+19.643, +8.659,+0.961
1697743260,+3.48,+19.819, +8.634,+0.961
1697743560,+3.48,+19.995, +8.600,+0.961
1697743860,+3.49,+20.163, +8.562,+0.961
1697744160,+3.49,+20.305, +8.535,+0.961
1697744460,+3.49,+20.430, +8.511,+0.961
1697744760,+3.49,+20.581, +8.476,+0.961
1697745060,+3.49,+20.706, +8.450,+0.961
1697745360,+3.48,+20.824, +8.435,+0.961
1697745660,+3.48,+20.957, +8.411,+0.961
1697745960,+3.48,+21.074, +8.388,+0.961
1697746260,+3.49,+21.191, +8.365,+0.961
1697746560,+3.49,+21.317, +8.336,+0.961
1697746860,+3.49,+21.409, +8.326,+0.961
1697747160,+3.49,+21.534, +8.309,+0.962
1697747460,+3.49,+21.651, +8.277,+0.961
1697747760,+3.49,+21.735, +8.267,+0.961
