7450-269898
OS REV: 1.05 Sensor Cal: 1678994772
Time (sec),  BV (Volts),  T (deg C),  DO (mg/l),  Q ()
1697106180,+3.51,+16.437, +8.811,+0.962
1697106480,+3.51,+16.437, +8.811,+0.962
1697106780,+3.51,+16.420, +8.813,+0.962
1697107080,+3.51,+16.386, +8.822,+0.962
1697107380,+3.51,+16.403, +8.808,+0.962
1697107680,+3.51,+16.343, +8.819,+0.962
1697107980,+3.51,+16.352, +8.816,+0.962
1697108280,+3.51,+16.343, +8.824,+0.962
1697108580,+3.51,+16.403, +8.807,+0.962
1697108880,+3.51,+16.497, +8.802,+0.959
1697109180,+3.51,+16.471, +8.796,+0.959
1697109480,+3.51,+16.412, +8.821,+0.961
1697109780,+3.51,+16.377, +8.807,+0.961
1697110080,+3.51,+16.377, +8.813,+0.961
1697110380,+3.51,+16.429, +8.800,+0.961
1697110680,+3.51,+16.497, +8.780,+0.960
1697110980,+3.51,+16.539, +8.776,+0.961
1697111280,+3.51,+16.565, +8.761,+0.960
1697111580,+3.50,+16.565, +8.763,+0.961
1697111880,+3.50,+16.573, +8.758,+0.962
1697112180,+3.50,+16.624, +8.752,+0.962
1697112480,+3.50,+16.709, +8.723,+0.962
1697112780,+3.50,+16.718, +8.739,+0.964
1697113080,+3.50,+16.777, +8.728,+0.964
1697113380,+3.51,+16.879, +8.699,+0.960
1697113680,+3.51,+16.964, +8.683,+0.961
1697113980,+3.51,+17.074, +8.650,+0.960
1697114280,+3.51,+17.184, +8.622,+0.961
1697114580,+3.51,+17.303, +8.589,+0.961
1697114880,+3.51,+19.106, +9.373,+0.944
1697115180,+3.50,+19.392, +9.273,+0.944
1697115480,+3.50,+19.450, +9.251,+0.943
1697115780,+3.50,+19.492, +9.235,+0.942
1697116080,+3.50,+19.543, +9.224,+0.942
1697116380,+3.50,+19.559, +9.231,+0.942
1697116680,+3.50,+19.593, +9.250,+0.943
1697116980,+3.50,+19.626, +9.234,+0.942
1697117280,+3.50,+19.635, +9.243,+0.942
1697117580,+3.50,+19.626, +9.250,+0.942
1697117880,+3.50,+19.635, +9.248,+0.942
1697118180,+3.50,+19.668, +9.238,+0.941
1697118480,+3.50,+19.660, +9.244,+0.942
1697118780,+3.50,+19.660, +9.246,+0.942
1697119080,+3.50,+19.652, +9.268,+0.942
1697119380,+3.50,+19.652, +9.272,+0.942
1697119680,+3.50,+19.668, +9.270,+0.942
1697119980,+3.50,+19.652, +9.286,+0.943
1697120280,+3.50,+19.677, +9.276,+0.942
1697120580,+3.50,+19.685, +9.290,+0.942
1697120880,+3.50,+19.693, +9.302,+0.942
1697121180,+3.50,+19.719, +9.302,+0.942
1697121480,+3.50,+19.727, +9.311,+0.942
1697121780,+3.50,+19.727, +9.321,+0.942
1697122080,+3.50,+19.727, +9.329,+0.942
1697122380,+3.50,+19.744, +9.326,+0.942
1697122680,+3.50,+19.761, +9.336,+0.942
1697122980,+3.50,+19.794, +9.343,+0.942
1697123280,+3.50,+19.794, +9.367,+0.943
1697123580,+3.50,+19.828, +9.357,+0.942
1697123880,+3.50,+19.844, +9.360,+0.942
1697124180,+3.50,+19.844, +9.369,+0.942
1697124480,+3.50,+19.886, +9.374,+0.942
1697124780,+3.50,+19.869, +9.394,+0.942
1697125080,+3.50,+19.886, +9.417,+0.943
1697125380,+3.50,+19.928, +9.422,+0.943
1697125680,+3.50,+19.936, +9.422,+0.942
1697125980,+3.50,+19.953, +9.421,+0.942
1697126280,+3.50,+19.987, +9.430,+0.942
1697126580,+3.50,+20.020, +9.443,+0.943
1697126880,+3.50,+20.012, +9.450,+0.942
1697127180,+3.50,+20.045, +9.462,+0.942
1697127480,+3.50,+20.070, +9.467,+0.942
1697127780,+3.50,+20.104, +9.479,+0.942
1697128080,+3.51,+20.121, +9.490,+0.942
1697128380,+3.50,+20.121, +9.497,+0.942
1697128680,+3.50,+20.112, +9.508,+0.942
1697128980,+3.50,+20.137, +9.508,+0.942
1697129280,+3.51,+20.204, +9.532,+0.943
1697129580,+3.50,+20.288, +9.513,+0.941
1697129880,+3.50,+20.313, +9.543,+0.942
1697130180,+3.50,+20.330, +9.552,+0.942
1697130480,+3.50,+20.363, +9.579,+0.942
1697130780,+3.50,+20.414, +9.580,+0.942
1697131080,+3.50,+20.430, +9.596,+0.942
1697131380,+3.50,+20.481, +9.642,+0.937
1697131680,+3.50,+20.522, +9.634,+0.960
1697131980,+3.50,+20.581, +9.624,+0.960
1697132280,+3.50,+20.623, +9.617,+0.959
1697132580,+3.50,+20.790, +9.682,+0.959
1697132880,+3.50,+21.442, +9.616,+0.960
1697133180,+3.50,+21.693, +9.578,+0.960
1697133480,+3.50,+21.885, +8.393,+0.958
1697133780,+3.50,+23.851, +8.066,+0.959
1697134080,+3.50,+25.978, +7.750,+0.959
1697134380,+3.50,+26.790, +7.640,+0.960
1697134680,+3.50,+26.790, +7.648,+0.960
1697134980,+3.50,+26.866, +7.632,+0.960
1697135280,+3.50,+26.832, +7.639,+0.959
1697135580,+3.49,+27.018, +7.607,+0.959
1697135880,+3.49,+27.171, +7.582,+0.959
1697136180,+3.50,+27.027, +7.578,+0.963
1697136480,+3.49,+26.383, +7.688,+0.964
1697136780,+3.50,+25.733, +7.778,+0.963
1697137080,+3.50,+24.925, +7.929,+0.961
1697137380,+3.50,+24.061, +8.047,+0.960
1697137680,+3.50,+23.407, +8.148,+0.960
1697137980,+3.50,+23.048, +8.197,+0.960
1697138280,+3.50,+23.190, +8.153,+0.959
1697138580,+3.50,+23.273, +8.146,+0.960
1697138880,+3.50,+23.407, +8.144,+0.960
1697139180,+3.50,+23.533, +8.117,+0.960
1697139480,+3.50,+23.650, +8.082,+0.960
1697139780,+3.50,+23.776, +8.066,+0.960
1697140080,+3.50,+23.860, +8.044,+0.960
1697140380,+3.50,+23.952, +8.027,+0.960
1697140680,+3.50,+24.052, +7.955,+0.961
1697140980,+3.50,+23.927, +7.956,+0.960
1697141280,+3.50,+22.772, +8.225,+0.959
1697141580,+3.51,+22.387, +8.269,+0.959
1697141880,+3.50,+22.103, +8.310,+0.959
1697142180,+3.50,+21.919, +8.341,+0.959
1697142480,+3.50,+21.810, +8.340,+0.959
1697142780,+3.51,+21.685, +8.377,+0.960
1697143080,+3.51,+21.492, +8.411,+0.959
1697143380,+3.51,+21.467, +8.431,+0.960
1697143680,+3.51,+21.476, +8.423,+0.960
1697143980,+3.51,+21.467, +8.431,+0.959
1697144280,+3.51,+21.492, +8.429,+0.960
1697144580,+3.51,+21.559, +8.408,+0.959
1697144880,+3.51,+21.635, +8.414,+0.960
1697145180,+3.51,+21.685, +8.404,+0.960
1697145480,+3.50,+21.710, +8.403,+0.960
1697145780,+3.50,+21.743, +8.400,+0.960
1697146080,+3.50,+21.760, +8.395,+0.960
1697146380,+3.50,+21.768, +8.382,+0.959
1697146680,+3.50,+21.760, +8.384,+0.959
1697146980,+3.50,+21.802, +8.385,+0.960
