7450-269898
OS REV: 1.05 Sensor Cal: 1678994772
Time (sec),  BV (Volts),  T (deg C),  DO (mg/l),  Q ()
1697834760,+3.49,+21.952, +7.741,+0.957
1697835060,+3.49,+21.969, +7.745,+0.957
1697835360,+3.49,+21.969, +7.748,+0.958
1697835660,+3.49,+21.994, +7.741,+0.958
1697835960,+3.49,+21.994, +7.731,+0.957
1697836260,+3.49,+22.002, +7.730,+0.957
1697836560,+3.49,+22.019, +7.724,+0.957
1697836860,+3.49,+22.052, +7.718,+0.957
1697837160,+3.49,+22.027, +7.727,+0.958
1697837460,+3.49,+22.036, +7.726,+0.958
1697837760,+3.49,+22.044, +7.714,+0.957
1697838060,+3.49,+22.036, +7.720,+0.958
1697838360,+3.49,+22.061, +7.732,+0.959
1697838660,+3.49,+22.078, +7.696,+0.956
1697838960,+3.49,+22.069, +7.712,+0.958
1697839260,+3.49,+22.086, +7.711,+0.958
1697839560,+3.49,+22.094, +7.698,+0.957
1697839860,+3.49,+22.069, +7.708,+0.958
1697840160,+3.49,+22.103, +7.690,+0.957
1697840460,+3.49,+22.086, +7.702,+0.958
1697840760,+3.49,+22.078, +7.701,+0.958
1697841060,+3.49,+22.078, +7.698,+0.957
1697841360,+3.49,+22.111, +7.688,+0.957
1697841660,+3.49,+22.111, +7.697,+0.958
1697841960,+3.49,+22.086, +7.685,+0.957
1697842260,+3.49,+22.086, +7.694,+0.958
1697842560,+3.49,+22.094, +7.689,+0.958
1697842860,+3.49,+22.111, +7.677,+0.957
1697843160,+3.49,+22.103, +7.680,+0.958
1697843460,+3.49,+22.086, +7.678,+0.957
1697843760,+3.49,+22.111, +7.672,+0.957
1697844060,+3.49,+22.086, +7.681,+0.958
1697844360,+3.49,+22.103, +7.673,+0.958
1697844660,+3.49,+22.103, +7.663,+0.957
1697844960,+3.50,+22.103, +7.650,+0.956
1697845260,+3.50,+22.094, +7.670,+0.958
1697845560,+3.49,+22.086, +7.666,+0.958
1697845860,+3.50,+22.094, +7.659,+0.957
1697846160,+3.49,+22.094, +7.663,+0.958
1697846460,+3.50,+22.094, +7.662,+0.958
1697846760,+3.49,+22.078, +7.666,+0.958
1697847060,+3.50,+22.078, +7.665,+0.958
1697847360,+3.50,+22.069, +7.665,+0.958
1697847660,+3.50,+22.078, +7.651,+0.957
1697847960,+3.50,+22.061, +7.657,+0.958
1697848260,+3.50,+22.069, +7.650,+0.958
1697848560,+3.50,+22.078, +7.646,+0.958
1697848860,+3.50,+22.069, +7.643,+0.958
1697849160,+3.50,+22.069, +7.634,+0.957
1697849460,+3.50,+22.069, +7.643,+0.958
1697849760,+3.50,+22.078, +7.633,+0.957
1697850060,+3.50,+22.078, +7.629,+0.957
1697850360,+3.50,+22.069, +7.634,+0.958
1697850660,+3.50,+22.069, +7.636,+0.958
1697850960,+3.50,+22.036, +7.633,+0.957
1697851260,+3.50,+22.061, +7.626,+0.957
1697851560,+3.50,+22.061, +7.631,+0.958
1697851860,+3.50,+22.044, +7.631,+0.958
1697852160,+3.50,+22.036, +7.633,+0.958
1697852460,+3.50,+22.044, +7.628,+0.958
1697852760,+3.50,+22.036, +7.616,+0.957
1697853060,+3.50,+22.044, +7.625,+0.958
1697853360,+3.50,+22.044, +7.624,+0.958
1697853660,+3.50,+22.027, +7.621,+0.958
1697853960,+3.50,+22.027, +7.616,+0.958
1697854260,+3.50,+22.019, +7.610,+0.957
1697854560,+3.50,+22.036, +7.608,+0.957
1697854860,+3.50,+22.036, +7.607,+0.957
1697855160,+3.50,+22.027, +7.612,+0.958
1697855460,+3.50,+22.011, +7.613,+0.957
1697855760,+3.50,+22.019, +7.604,+0.957
1697856060,+3.50,+21.986, +7.612,+0.958
1697856360,+3.50,+22.011, +7.605,+0.958
1697856660,+3.50,+21.994, +7.609,+0.958
1697856960,+3.50,+22.019, +7.600,+0.958
1697857260,+3.50,+22.011, +7.596,+0.958
1697857560,+3.50,+22.002, +7.597,+0.958
1697857860,+3.50,+21.977, +7.602,+0.958
1697858160,+3.50,+21.994, +7.597,+0.958
1697858460,+3.50,+21.994, +7.590,+0.957
1697858760,+3.50,+21.986, +7.590,+0.958
1697859060,+3.50,+21.977, +7.587,+0.957
1697859360,+3.50,+21.986, +7.590,+0.958
1697859660,+3.50,+21.977, +7.580,+0.957
1697859960,+3.50,+21.986, +7.569,+0.957
1697860260,+3.50,+21.961, +7.581,+0.957
1697860560,+3.50,+21.977, +7.574,+0.957
1697860860,+3.50,+21.986, +7.572,+0.957
1697861160,+3.50,+21.969, +7.571,+0.957
1697861460,+3.50,+21.961, +7.567,+0.957
1697861760,+3.50,+21.961, +7.580,+0.958
1697862060,+3.50,+21.944, +7.565,+0.957
1697862360,+3.50,+21.969, +7.565,+0.958
1697862660,+3.50,+21.969, +7.570,+0.958
1697862960,+3.50,+21.961, +7.559,+0.957
1697863260,+3.50,+21.969, +7.555,+0.957
1697863560,+3.50,+21.944, +7.560,+0.957
1697863860,+3.50,+21.952, +7.567,+0.958
1697864160,+3.50,+21.961, +7.549,+0.957
1697864460,+3.50,+21.952, +7.549,+0.957
1697864760,+3.50,+21.977, +7.539,+0.957
1697865060,+3.50,+21.944, +7.553,+0.958
1697865360,+3.50,+21.919, +7.551,+0.957
1697865660,+3.50,+21.944, +7.536,+0.957
1697865960,+3.50,+21.952, +7.537,+0.957
1697866260,+3.50,+21.952, +7.547,+0.958
1697866560,+3.50,+21.944, +7.539,+0.958
1697866860,+3.50,+21.944, +7.533,+0.957
1697867160,+3.50,+21.935, +7.531,+0.957
1697867460,+3.50,+21.927, +7.533,+0.957
1697867760,+3.50,+21.927, +7.537,+0.958
1697868060,+3.50,+21.935, +7.524,+0.957
1697868360,+3.50,+21.944, +7.520,+0.957
1697868660,+3.50,+21.927, +7.531,+0.958
1697868960,+3.50,+21.910, +7.524,+0.958
1697869260,+3.50,+21.944, +7.516,+0.957
1697869560,+3.50,+21.927, +7.522,+0.958
1697869860,+3.50,+21.919, +7.515,+0.957
1697870160,+3.50,+21.902, +7.525,+0.957
1697870460,+3.50,+21.927, +7.519,+0.958
1697870760,+3.50,+21.919, +7.517,+0.958
1697871060,+3.50,+21.927, +7.503,+0.957
1697871360,+3.50,+21.910, +7.506,+0.957
1697871660,+3.50,+21.902, +7.510,+0.957
1697871960,+3.50,+21.910, +7.511,+0.958
1697872260,+3.50,+21.902, +7.514,+0.958
1697872560,+3.50,+21.919, +7.509,+0.958
1697872860,+3.50,+21.910, +7.507,+0.958
1697873160,+3.50,+21.894, +7.500,+0.957
1697873460,+3.50,+21.902, +7.504,+0.957
1697873760,+3.50,+21.885, +7.506,+0.958
1697874060,+3.50,+21.902, +7.493,+0.957
1697874360,+3.50,+21.910, +7.496,+0.958
1697874660,+3.50,+21.894, +7.493,+0.957
1697874960,+3.50,+21.877, +7.498,+0.958
1697875260,+3.50,+21.885, +7.500,+0.958
1697875560,+3.50,+21.910, +7.485,+0.957
1697875860,+3.50,+21.877, +7.495,+0.958
1697876160,+3.50,+21.885, +7.491,+0.957
1697876460,+3.50,+21.885, +7.491,+0.958
1697876760,+3.50,+21.885, +7.478,+0.957
1697877060,+3.50,+21.877, +7.481,+0.957
1697877360,+3.50,+21.902, +7.471,+0.957
1697877660,+3.50,+21.869, +7.491,+0.958
1697877960,+3.50,+21.894, +7.480,+0.958
1697878260,+3.50,+21.877, +7.478,+0.957
1697878560,+3.50,+21.885, +7.482,+0.958
1697878860,+3.50,+21.869, +7.483,+0.958
1697879160,+3.50,+21.860, +7.478,+0.957
1697879460,+3.50,+21.869, +7.469,+0.957
1697879760,+3.50,+21.877, +7.471,+0.958
1697880060,+3.50,+21.869, +7.473,+0.958
1697880360,+3.50,+21.869, +7.468,+0.957
1697880660,+3.50,+21.877, +7.464,+0.957
1697880960,+3.50,+21.869, +7.474,+0.958
1697881260,+3.50,+21.843, +7.464,+0.957
1697881560,+3.50,+21.843, +7.462,+0.957
1697881860,+3.50,+21.843, +7.475,+0.958
1697882160,+3.50,+21.852, +7.469,+0.958
1697882460,+3.50,+21.860, +7.458,+0.957
1697882760,+3.50,+21.852, +7.462,+0.958
1697883060,+3.50,+21.869, +7.453,+0.958
1697883360,+3.50,+21.835, +7.463,+0.958
1697883660,+3.50,+21.852, +7.446,+0.957
1697883960,+3.50,+21.843, +7.462,+0.958
1697884260,+3.50,+21.843, +7.455,+0.958
1697884560,+3.50,+21.843, +7.457,+0.958
1697884860,+3.50,+21.835, +7.456,+0.958
1697885160,+3.50,+21.835, +7.444,+0.957
1697885460,+3.50,+21.827, +7.455,+0.958
1697885760,+3.50,+21.843, +7.445,+0.958
1697886060,+3.50,+21.835, +7.449,+0.958
1697886360,+3.50,+21.843, +7.444,+0.958
1697886660,+3.50,+21.827, +7.447,+0.957
1697886960,+3.50,+21.835, +7.439,+0.957
1697887260,+3.50,+21.818, +7.438,+0.957
1697887560,+3.50,+21.835, +7.434,+0.957
1697887860,+3.50,+21.827, +7.441,+0.958
1697888160,+3.50,+21.827, +7.438,+0.958
1697888460,+3.50,+21.810, +7.444,+0.958
1697888760,+3.50,+21.818, +7.442,+0.958
1697889060,+3.50,+21.818, +7.445,+0.959
1697889360,+3.50,+21.802, +7.433,+0.958
1697889660,+3.50,+21.810, +7.431,+0.958
1697889960,+3.50,+21.810, +7.432,+0.958
1697890260,+3.50,+21.818, +7.426,+0.958
1697890560,+3.50,+21.827, +7.427,+0.958
1697890860,+3.50,+21.810, +7.430,+0.958
1697891160,+3.50,+21.802, +7.417,+0.957
1697891460,+3.50,+21.810, +7.417,+0.957
1697891760,+3.50,+21.785, +7.427,+0.958
1697892060,+3.50,+21.810, +7.414,+0.957
1697892360,+3.50,+21.810, +7.417,+0.958
1697892660,+3.50,+21.793, +7.423,+0.958
1697892960,+3.50,+21.810, +7.416,+0.958
1697893260,+3.50,+21.827, +7.407,+0.957
1697893560,+3.50,+21.818, +7.417,+0.958
1697893860,+3.50,+21.827, +7.405,+0.957
1697894160,+3.50,+21.810, +7.410,+0.958
1697894460,+3.50,+21.818, +7.410,+0.958
1697894760,+3.50,+21.818, +7.406,+0.958
1697895060,+3.50,+21.835, +7.392,+0.957
1697895360,+3.50,+21.835, +7.396,+0.958
1697895660,+3.50,+21.843, +7.389,+0.957
1697895960,+3.50,+21.827, +7.396,+0.958
1697896260,+3.50,+21.843, +7.389,+0.957
1697896560,+3.50,+21.835, +7.393,+0.958
1697896860,+3.50,+21.843, +7.393,+0.958
1697897160,+3.50,+21.843, +7.385,+0.957
1697897460,+3.50,+21.877, +7.389,+0.958
1697897760,+3.50,+21.860, +7.383,+0.958
1697898060,+3.50,+21.852, +7.389,+0.958
1697898360,+3.50,+21.852, +7.373,+0.957
1697898660,+3.50,+21.869, +7.379,+0.958
1697898960,+3.50,+21.860, +7.377,+0.958
1697899260,+3.50,+21.869, +7.371,+0.958
1697899560,+3.50,+21.877, +7.376,+0.958
1697899860,+3.50,+21.877, +7.374,+0.958
1697900160,+3.50,+21.885, +7.367,+0.958
1697900460,+3.50,+21.902, +7.361,+0.958
1697900760,+3.50,+21.885, +7.362,+0.958
1697901060,+3.50,+21.894, +7.358,+0.958
1697901360,+3.50,+21.894, +7.354,+0.958
1697901660,+3.50,+21.894, +7.353,+0.957
1697901960,+3.50,+21.902, +7.352,+0.957
1697902260,+3.50,+21.902, +7.350,+0.958
1697902560,+3.50,+21.902, +7.347,+0.957
1697902860,+3.50,+21.910, +7.347,+0.958
1697903160,+3.50,+21.927, +7.340,+0.958
1697903460,+3.50,+21.910, +7.338,+0.957
1697903760,+3.50,+21.919, +7.339,+0.958
1697904060,+3.50,+21.927, +7.341,+0.958
1697904360,+3.50,+21.902, +7.338,+0.957
1697904660,+3.50,+21.919, +7.338,+0.958
1697904960,+3.50,+21.935, +7.327,+0.957
1697905260,+3.50,+21.935, +7.327,+0.958
1697905560,+3.50,+21.935, +7.323,+0.957
1697905860,+3.50,+21.927, +7.327,+0.958
1697906160,+3.50,+21.944, +7.319,+0.958
1697906460,+3.50,+21.927, +7.325,+0.958
1697906760,+3.50,+21.961, +7.318,+0.958
1697907060,+3.50,+21.952, +7.306,+0.957
1697907360,+3.50,+21.961, +7.313,+0.958
1697907660,+3.50,+21.961, +7.309,+0.957
1697907960,+3.50,+21.986, +7.304,+0.958
1697908260,+3.50,+21.952, +7.319,+0.958
1697908560,+3.50,+21.969, +7.307,+0.958
1697908860,+3.50,+21.977, +7.305,+0.958
1697909160,+3.50,+21.986, +7.306,+0.958
1697909460,+3.50,+21.977, +7.300,+0.958
1697909760,+3.50,+21.977, +7.298,+0.958
1697910060,+3.50,+21.994, +7.292,+0.958
1697910360,+3.50,+22.011, +7.285,+0.958
1697910660,+3.50,+21.977, +7.302,+0.959
1697910960,+3.50,+22.002, +7.283,+0.958
1697911260,+3.50,+22.002, +7.284,+0.958
1697911560,+3.50,+21.986, +7.289,+0.958
1697911860,+3.50,+21.969, +7.284,+0.958
1697912160,+3.50,+21.986, +7.277,+0.957
1697912460,+3.50,+22.002, +7.280,+0.958
1697912760,+3.50,+21.994, +7.263,+0.957
1697913060,+3.50,+22.019, +7.280,+0.958
1697913360,+3.50,+22.002, +7.270,+0.958
1697913660,+3.50,+22.019, +7.273,+0.958
1697913960,+3.50,+21.994, +7.265,+0.958
1697914260,+3.50,+21.994, +7.267,+0.958
1697914560,+3.50,+22.002, +7.269,+0.958
1697914860,+3.50,+22.019, +7.254,+0.957
1697915160,+3.50,+22.011, +7.261,+0.958
1697915460,+3.50,+22.019, +7.264,+0.958
1697915760,+3.50,+22.011, +7.263,+0.958
1697916060,+3.50,+22.027, +7.260,+0.958
1697916360,+3.50,+21.994, +7.256,+0.957
1697916660,+3.50,+22.019, +7.247,+0.957
1697916960,+3.50,+22.019, +7.250,+0.957
1697917260,+3.50,+22.019, +7.245,+0.957
1697917560,+3.50,+22.011, +7.249,+0.957
1697917860,+3.50,+22.019, +7.244,+0.957
1697918160,+3.50,+22.019, +7.244,+0.957
1697918460,+3.50,+22.019, +7.250,+0.958
1697918760,+3.50,+22.002, +7.243,+0.958
1697919060,+3.50,+22.011, +7.244,+0.958
1697919360,+3.50,+22.044, +7.236,+0.958
1697919660,+3.50,+22.027, +7.242,+0.958
1697919960,+3.50,+22.027, +7.232,+0.957
1697920260,+3.50,+22.019, +7.230,+0.957
1697920560,+3.50,+22.011, +7.236,+0.958
1697920860,+3.50,+22.027, +7.233,+0.958
1697921160,+3.50,+22.019, +7.224,+0.957
