7450-269898
OS REV: 1.05 Sensor Cal: 1678994772
Time (sec),  BV (Volts),  T (deg C),  DO (mg/l),  Q ()
1697574660,+3.52,+22.320, +8.391,+0.939
1697574960,+3.52,+22.387, +8.376,+0.939
1697575260,+3.52,+22.378, +8.371,+0.939
1697575560,+3.52,+22.362, +8.376,+0.939
1697575860,+3.52,+22.337, +8.387,+0.939
1697576160,+3.52,+22.278, +8.391,+0.939
1697576460,+3.52,+22.270, +8.408,+0.940
1697576760,+3.52,+22.278, +8.399,+0.939
1697577060,+3.52,+22.211, +8.412,+0.939
1697577360,+3.52,+22.203, +8.411,+0.939
1697577660,+3.52,+22.169, +8.423,+0.939
1697577960,+3.52,+22.144, +8.432,+0.940
1697578260,+3.52,+22.128, +8.427,+0.939
1697578560,+3.52,+22.136, +8.431,+0.939
1697578860,+3.52,+22.111, +8.441,+0.940
1697579160,+3.52,+22.069, +8.442,+0.939
1697579460,+3.52,+22.052, +8.449,+0.939
1697579760,+3.52,+22.036, +8.446,+0.939
1697580060,+3.52,+22.019, +8.464,+0.932
1697580360,+3.52,+22.011, +8.448,+0.931
1697580660,+3.52,+22.002, +8.453,+0.931
1697580960,+3.52,+21.986, +8.474,+0.932
1697581260,+3.52,+21.986, +8.465,+0.932
1697581560,+3.52,+21.986, +8.480,+0.933
1697581860,+3.52,+21.969, +8.463,+0.932
1697582160,+3.52,+21.961, +8.471,+0.932
1697582460,+3.52,+21.952, +8.474,+0.932
1697582760,+3.52,+21.944, +8.477,+0.932
1697583060,+3.52,+21.935, +8.480,+0.932
1697583360,+3.52,+21.927, +8.475,+0.932
1697583660,+3.52,+21.919, +8.476,+0.932
1697583960,+3.52,+21.902, +8.487,+0.932
1697584260,+3.52,+21.902, +8.483,+0.932
1697584560,+3.52,+21.877, +8.496,+0.932
1697584860,+3.52,+21.877, +8.492,+0.932
1697585160,+3.52,+21.869, +8.493,+0.932
1697585460,+3.52,+21.843, +8.499,+0.932
1697585760,+3.52,+21.843, +8.483,+0.931
1697586060,+3.52,+21.835, +8.500,+0.932
1697586360,+3.52,+21.818, +8.495,+0.932
1697586660,+3.52,+21.810, +8.507,+0.932
1697586960,+3.52,+21.785, +8.507,+0.932
1697587260,+3.52,+21.810, +8.510,+0.932
1697587560,+3.52,+21.802, +8.502,+0.932
1697587860,+3.52,+21.768, +8.518,+0.932
1697588160,+3.52,+21.768, +8.512,+0.932
1697588460,+3.52,+21.760, +8.520,+0.933
1697588760,+3.52,+21.752, +8.509,+0.932
1697589060,+3.52,+21.752, +8.506,+0.931
1697589360,+3.52,+21.735, +8.521,+0.932
1697589660,+3.52,+21.726, +8.520,+0.932
1697589960,+3.52,+21.718, +8.519,+0.932
1697590260,+3.52,+21.710, +8.531,+0.932
1697590560,+3.52,+21.685, +8.535,+0.933
1697590860,+3.52,+21.701, +8.530,+0.932
1697591160,+3.52,+21.676, +8.535,+0.932
1697591460,+3.52,+21.685, +8.530,+0.932
1697591760,+3.52,+21.676, +8.545,+0.933
1697592060,+3.52,+21.660, +8.541,+0.932
1697592360,+3.52,+21.651, +8.540,+0.932
1697592660,+3.52,+21.651, +8.539,+0.932
1697592960,+3.52,+21.643, +8.531,+0.931
1697593260,+3.52,+21.651, +8.544,+0.933
1697593560,+3.52,+21.635, +8.542,+0.932
1697593860,+3.52,+21.593, +8.553,+0.932
1697594160,+3.52,+21.618, +8.545,+0.932
1697594460,+3.52,+21.618, +8.543,+0.932
1697594760,+3.52,+21.618, +8.556,+0.933
1697595060,+3.52,+21.601, +8.551,+0.932
1697595360,+3.52,+21.601, +8.555,+0.932
1697595660,+3.52,+21.584, +8.554,+0.932
1697595960,+3.52,+21.601, +8.565,+0.933
1697596260,+3.52,+21.593, +8.550,+0.932
1697596560,+3.52,+21.568, +8.557,+0.932
1697596860,+3.52,+21.584, +8.561,+0.933
1697597160,+3.52,+21.568, +8.555,+0.932
1697597460,+3.52,+21.559, +8.559,+0.932
1697597760,+3.52,+21.559, +8.554,+0.932
1697598060,+3.52,+21.534, +8.575,+0.933
1697598360,+3.52,+21.543, +8.577,+0.933
1697598660,+3.52,+21.551, +8.576,+0.933
1697598960,+3.52,+21.534, +8.580,+0.933
1697599260,+3.52,+21.526, +8.575,+0.932
1697599560,+3.52,+21.534, +8.573,+0.932
1697599860,+3.52,+21.509, +8.583,+0.932
1697600160,+3.52,+21.518, +8.576,+0.932
1697600460,+3.52,+21.534, +8.571,+0.932
1697600760,+3.52,+21.509, +8.578,+0.932
1697601060,+3.52,+21.534, +8.574,+0.932
1697601360,+3.52,+21.509, +8.572,+0.932
1697601660,+3.52,+21.501, +8.572,+0.932
1697601960,+3.52,+21.484, +8.587,+0.933
1697602260,+3.52,+21.492, +8.599,+0.933
1697602560,+3.52,+21.492, +8.584,+0.932
1697602860,+3.52,+21.484, +8.579,+0.932
1697603160,+3.52,+21.484, +8.586,+0.932
1697603460,+3.52,+21.492, +8.581,+0.932
1697603760,+3.52,+21.501, +8.582,+0.932
1697604060,+3.52,+21.484, +8.600,+0.933
1697604360,+3.52,+21.476, +8.589,+0.932
1697604660,+3.52,+21.467, +8.578,+0.932
1697604960,+3.52,+21.467, +8.590,+0.932
1697605260,+3.52,+21.467, +8.589,+0.932
1697605560,+3.52,+21.459, +8.599,+0.933
1697605860,+3.52,+21.459, +8.588,+0.932
1697606160,+3.52,+21.442, +8.597,+0.932
1697606460,+3.52,+21.442, +8.603,+0.932
1697606760,+3.52,+21.442, +8.601,+0.933
1697607060,+3.52,+21.434, +8.599,+0.932
1697607360,+3.52,+21.451, +8.604,+0.933
1697607660,+3.52,+21.434, +8.603,+0.933
1697607960,+3.52,+21.417, +8.610,+0.933
1697608260,+3.52,+21.426, +8.602,+0.933
1697608560,+3.52,+21.426, +8.593,+0.932
1697608860,+3.52,+21.417, +8.597,+0.932
1697609160,+3.52,+21.434, +8.594,+0.932
1697609460,+3.52,+21.417, +8.596,+0.932
1697609760,+3.52,+21.409, +8.613,+0.933
1697610060,+3.52,+21.426, +8.606,+0.933
1697610360,+3.52,+21.392, +8.610,+0.932
1697610660,+3.52,+21.426, +8.598,+0.932
1697610960,+3.52,+21.400, +8.610,+0.933
1697611260,+3.52,+21.400, +8.612,+0.933
1697611560,+3.52,+21.384, +8.604,+0.932
1697611860,+3.52,+21.392, +8.610,+0.933
1697612160,+3.52,+21.384, +8.616,+0.933
1697612460,+3.52,+21.384, +8.613,+0.932
1697612760,+3.52,+21.392, +8.601,+0.932
1697613060,+3.52,+21.392, +8.608,+0.933
1697613360,+3.52,+21.384, +8.608,+0.932
1697613660,+3.52,+21.367, +8.609,+0.932
1697613960,+3.52,+21.375, +8.611,+0.933
1697614260,+3.52,+21.367, +8.625,+0.933
1697614560,+3.52,+21.367, +8.616,+0.933
1697614860,+3.52,+21.367, +8.613,+0.932
1697615160,+3.52,+21.359, +8.617,+0.932
1697615460,+3.52,+21.359, +8.616,+0.932
1697615760,+3.52,+21.350, +8.620,+0.932
1697616060,+3.52,+21.359, +8.624,+0.933
1697616360,+3.52,+21.367, +8.614,+0.932
1697616660,+3.52,+21.350, +8.624,+0.932
1697616960,+3.51,+21.342, +8.613,+0.932
1697617260,+3.52,+21.334, +8.625,+0.933
1697617560,+3.52,+21.325, +8.622,+0.932
1697617860,+3.52,+21.342, +8.618,+0.932
1697618160,+3.52,+21.342, +8.616,+0.932
1697618460,+3.51,+21.334, +8.626,+0.933
1697618760,+3.52,+21.342, +8.626,+0.933
1697619060,+3.51,+21.342, +8.621,+0.932
1697619360,+3.52,+21.325, +8.628,+0.932
1697619660,+3.52,+21.325, +8.623,+0.932
1697619960,+3.52,+21.334, +8.622,+0.932
1697620260,+3.52,+21.325, +8.630,+0.933
1697620560,+3.52,+21.317, +8.623,+0.932
1697620860,+3.52,+21.317, +8.630,+0.933
1697621160,+3.51,+21.325, +8.622,+0.932
1697621460,+3.51,+21.300, +8.634,+0.932
1697621760,+3.52,+21.325, +8.616,+0.932
1697622060,+3.51,+21.309, +8.629,+0.932
1697622360,+3.51,+21.300, +8.631,+0.932
1697622660,+3.52,+21.300, +8.632,+0.932
1697622960,+3.52,+21.300, +8.634,+0.932
1697623260,+3.51,+21.300, +8.635,+0.932
1697623560,+3.51,+21.292, +8.637,+0.932
1697623860,+3.51,+21.300, +8.639,+0.933
1697624160,+3.51,+21.292, +8.643,+0.933
1697624460,+3.51,+21.292, +8.644,+0.933
1697624760,+3.51,+21.300, +8.647,+0.933
1697625060,+3.51,+21.283, +8.631,+0.932
1697625360,+3.51,+21.292, +8.644,+0.933
1697625660,+3.51,+21.267, +8.636,+0.932
1697625960,+3.51,+21.283, +8.641,+0.932
1697626260,+3.51,+21.283, +8.640,+0.932
1697626560,+3.51,+21.283, +8.640,+0.932
1697626860,+3.51,+21.275, +8.641,+0.932
1697627160,+3.51,+21.283, +8.646,+0.932
1697627460,+3.51,+21.275, +8.648,+0.933
1697627760,+3.51,+21.258, +8.652,+0.932
1697628060,+3.51,+21.175, +8.667,+0.932
1697628360,+3.51,+20.865, +8.732,+0.933
1697628660,+3.51,+20.372, +8.829,+0.933
1697628960,+3.51,+19.844, +8.924,+0.933
1697629260,+3.52,+19.299, +9.004,+0.932
1697629560,+3.51,+18.787, +9.108,+0.933
1697629860,+3.52,+18.291, +9.191,+0.933
1697630160,+3.51,+17.861, +9.285,+0.933
1697630460,+3.52,+17.497, +9.346,+0.933
1697630760,+3.52,+17.091, +9.415,+0.933
1697631060,+3.51,+16.701, +9.487,+0.934
1697631360,+3.52,+16.309, +9.590,+0.934
1697631660,+3.52,+15.977, +9.670,+0.935
1697631960,+3.52,+15.686, +9.729,+0.941
1697632260,+3.52,+15.643, +9.728,+0.941
1697632560,+3.52,+15.583, +9.746,+0.942
1697632860,+3.52,+15.566, +9.744,+0.942
1697633160,+3.51,+15.583, +9.741,+0.942
1697633460,+3.51,+15.557, +9.754,+0.942
1697633760,+3.52,+15.334, +9.794,+0.942
1697634060,+3.52,+15.274, +9.803,+0.942
1697634360,+3.52,+15.283, +9.798,+0.942
1697634660,+3.52,+15.240, +9.811,+0.942
1697634960,+3.52,+15.343, +9.776,+0.942
1697635260,+3.51,+15.523, +9.738,+0.960
1697635560,+3.52,+15.942, +9.632,+0.960
1697635860,+3.52,+16.386, +9.554,+0.961
1697636160,+3.51,+16.641, +9.483,+0.960
1697636460,+3.51,+16.437, +9.532,+0.961
1697636760,+3.52,+16.113, +9.600,+0.961
1697637060,+3.52,+15.925, +9.619,+0.960
1697637360,+3.52,+15.797, +9.649,+0.960
1697637660,+3.51,+16.582, +9.478,+0.960
1697637960,+3.51,+17.861, +9.216,+0.959
1697638260,+3.51,+17.810, +9.246,+0.960
1697638560,+3.51,+17.861, +9.239,+0.960
1697638860,+3.51,+17.396, +9.348,+0.960
1697639160,+3.52,+16.938, +9.418,+0.959
1697639460,+3.51,+16.369, +9.076,+0.941
1697639760,+3.51,+16.429, +9.138,+0.940
1697640060,+3.52,+16.156, +9.598,+0.958
1697640360,+3.51,+16.352, +9.522,+0.704
1697640660,+3.51,+16.471, +9.544,+0.703
1697640960,+3.51,+16.522, +9.529,+0.703
1697641260,+3.51,+16.548, +9.521,+0.703
1697641560,+3.51,+16.590, +9.509,+0.702
1697641860,+3.51,+16.624, +9.518,+0.702
1697642160,+3.51,+16.667, +9.531,+0.703
1697642460,+3.51,+16.650, +9.549,+0.702
1697642760,+3.51,+16.684, +9.552,+0.702
1697643060,+3.51,+16.701, +9.563,+0.703
1697643360,+3.51,+16.692, +9.555,+0.702
1697643660,+3.51,+16.667, +9.571,+0.703
1697643960,+3.51,+16.675, +9.571,+0.702
1697644260,+3.51,+16.658, +9.596,+0.703
1697644560,+3.51,+16.675, +9.584,+0.702
1697644860,+3.51,+16.692, +9.601,+0.703
1697645160,+3.51,+16.684, +9.584,+0.703
1697645460,+3.51,+16.709, +9.578,+0.703
1697645760,+3.51,+16.718, +9.606,+0.703
1697646060,+3.51,+16.718, +9.602,+0.702
1697646360,+3.51,+16.718, +9.618,+0.703
1697646660,+3.51,+16.743, +9.608,+0.702
1697646960,+3.51,+16.769, +9.608,+0.702
1697647260,+3.51,+16.760, +9.619,+0.703
1697647560,+3.51,+16.820, +9.611,+0.703
1697647860,+3.51,+16.845, +9.620,+0.703
1697648160,+3.51,+16.845, +9.611,+0.703
1697648460,+3.51,+16.862, +9.625,+0.703
1697648760,+3.51,+16.913, +9.629,+0.703
1697649060,+3.51,+16.913, +9.650,+0.702
1697649360,+3.51,+16.947, +9.654,+0.703
1697649660,+3.51,+16.989, +9.636,+0.702
1697649960,+3.51,+17.023, +9.680,+0.703
1697650260,+3.51,+17.040, +9.661,+0.702
1697650560,+3.51,+17.083, +9.673,+0.703
1697650860,+3.51,+17.117, +9.653,+0.702
1697651160,+3.51,+17.134, +9.692,+0.703
1697651460,+3.51,+17.176, +9.701,+0.702
1697651760,+3.51,+17.201, +9.691,+0.702
1697652060,+3.51,+17.235, +9.713,+0.703
1697652360,+3.51,+17.286, +9.716,+0.703
1697652660,+3.51,+17.294, +9.756,+0.703
1697652960,+3.51,+17.354, +9.756,+0.703
1697653260,+3.51,+17.413, +9.755,+0.703
1697653560,+3.51,+17.413, +9.763,+0.703
1697653860,+3.51,+17.481, +9.775,+0.703
1697654160,+3.51,+17.514, +9.776,+0.703
1697654460,+3.51,+17.531, +9.803,+0.703
1697654760,+3.51,+17.599, +9.800,+0.703
1697655060,+3.51,+17.641, +9.794,+0.703
1697655360,+3.51,+17.667, +9.800,+0.703
1697655660,+3.51,+17.683, +9.786,+0.702
1697655960,+3.50,+17.726, +9.799,+0.703
1697656260,+3.50,+17.717, +9.810,+0.703
1697656560,+3.50,+17.726, +9.814,+0.703
1697656860,+3.50,+17.734, +9.813,+0.703
1697657160,+3.50,+17.768, +9.805,+0.703
1697657460,+3.50,+17.776, +9.836,+0.704
1697657760,+3.50,+17.802, +9.831,+0.703
1697658060,+3.50,+17.802, +9.870,+0.703
1697658360,+3.50,+17.776, +9.885,+0.703
1697658660,+3.50,+17.793, +9.748,+0.704
1697658960,+3.50,+17.751, +9.752,+0.703
1697659260,+3.50,+17.658, +9.625,+0.701
1697659560,+3.50,+17.675, +9.607,+0.701
1697659860,+3.50,+17.717, +9.225,+0.959
1697660160,+3.50,+17.574, +9.229,+0.957
1697660460,+3.51,+17.421, +9.274,+0.958
1697660760,+3.51,+17.294, +9.277,+0.958
1697661060,+3.51,+17.117, +9.320,+0.958
