7450-269898
OS REV: 1.05 Sensor Cal: 1678994772
Time (sec),  BV (Volts),  T (deg C),  DO (mg/l),  Q ()
1697019480,+3.52,+20.481, +8.738,+0.957
1697019780,+3.52,+20.506, +8.750,+0.958
1697020080,+3.52,+20.497, +8.746,+0.957
1697020380,+3.52,+20.455, +8.768,+0.956
1697020680,+3.53,+20.338, +8.778,+0.955
1697020980,+3.53,+20.112, +8.825,+0.956
1697021280,+3.52,+19.911, +8.850,+0.956
1697021580,+3.52,+19.660, +8.897,+0.956
1697021880,+3.52,+19.450, +8.934,+0.956
1697022180,+3.53,+19.283, +8.964,+0.956
1697022480,+3.53,+19.132, +8.992,+0.956
1697022780,+3.52,+18.922, +9.025,+0.956
1697023080,+3.52,+18.711, +9.067,+0.956
1697023380,+3.53,+18.493, +9.096,+0.956
1697023680,+3.53,+18.274, +9.132,+0.956
1697023980,+3.53,+18.055, +9.163,+0.956
1697024280,+3.52,+17.835, +9.197,+0.956
1697024580,+3.52,+17.590, +9.242,+0.956
1697024880,+3.53,+17.328, +9.293,+0.954
1697025180,+3.53,+17.100, +9.365,+0.954
1697025480,+3.53,+16.871, +9.409,+0.955
1697025780,+3.52,+16.667, +9.407,+0.954
1697026080,+3.52,+16.463, +9.479,+0.955
1697026380,+3.53,+16.224, +9.517,+0.955
1697026680,+3.53,+15.977, +9.586,+0.955
1697026980,+3.53,+16.002, +9.577,+0.955
1697027280,+3.53,+15.960, +9.603,+0.956
1697027580,+3.53,+15.866, +9.622,+0.956
1697027880,+3.53,+15.797, +9.634,+0.955
1697028180,+3.53,+15.771, +9.668,+0.956
1697028480,+3.53,+15.900, +9.621,+0.956
1697028780,+3.53,+16.062, +9.590,+0.956
1697029080,+3.53,+16.190, +9.573,+0.956
1697029380,+3.52,+16.309, +9.540,+0.956
1697029680,+3.52,+16.565, +9.521,+0.960
1697029980,+3.52,+17.895, +9.255,+0.960
1697030280,+3.52,+19.241, +8.975,+0.959
1697030580,+3.52,+19.878, +8.872,+0.958
1697030880,+3.52,+19.635, +8.914,+0.959
1697031180,+3.52,+19.375, +8.950,+0.957
1697031480,+3.52,+19.006, +9.028,+0.957
1697031780,+3.52,+18.762, +9.078,+0.957
1697032080,+3.52,+18.636, +9.096,+0.955
1697032380,+3.52,+18.989, +9.008,+0.954
1697032680,+3.52,+19.559, +8.905,+0.954
1697032980,+3.52,+20.439, +8.751,+0.953
1697033280,+3.52,+20.087, +8.974,+0.934
1697033580,+3.52,+19.727, +9.525,+0.935
1697033880,+3.52,+19.568, +9.547,+0.853
1697034180,+3.52,+19.543, +9.553,+0.853
1697034480,+3.52,+19.492, +9.504,+0.850
1697034780,+3.52,+19.517, +9.512,+0.851
1697035080,+3.52,+19.534, +9.509,+0.850
1697035380,+3.52,+19.543, +9.503,+0.850
1697035680,+3.52,+19.509, +9.533,+0.851
1697035980,+3.52,+19.492, +9.542,+0.851
1697036280,+3.52,+19.476, +9.545,+0.851
1697036580,+3.52,+19.484, +9.543,+0.850
1697036880,+3.52,+19.484, +9.553,+0.851
1697037180,+3.52,+19.467, +9.582,+0.851
1697037480,+3.52,+19.501, +9.554,+0.850
1697037780,+3.52,+19.543, +9.552,+0.851
1697038080,+3.52,+19.559, +9.567,+0.851
1697038380,+3.52,+19.618, +9.538,+0.850
1697038680,+3.52,+19.643, +9.548,+0.851
1697038980,+3.52,+19.685, +9.540,+0.850
1697039280,+3.52,+19.685, +9.538,+0.850
1697039580,+3.52,+19.710, +9.548,+0.851
1697039880,+3.52,+19.744, +9.544,+0.851
1697040180,+3.52,+19.735, +9.551,+0.851
1697040480,+3.51,+19.794, +9.544,+0.851
1697040780,+3.51,+19.811, +9.527,+0.850
1697041080,+3.51,+19.853, +9.529,+0.851
1697041380,+3.51,+19.869, +9.531,+0.851
1697041680,+3.51,+19.911, +9.523,+0.851
1697041980,+3.51,+19.928, +9.540,+0.851
1697042280,+3.51,+19.953, +9.529,+0.851
1697042580,+3.51,+19.995, +9.519,+0.851
1697042880,+3.51,+20.012, +9.513,+0.850
1697043180,+3.51,+20.020, +9.511,+0.850
1697043480,+3.51,+20.012, +9.518,+0.850
1697043780,+3.52,+20.029, +9.503,+0.850
1697044080,+3.52,+20.045, +9.513,+0.851
1697044380,+3.52,+20.079, +9.491,+0.850
1697044680,+3.52,+20.070, +9.489,+0.850
1697044980,+3.52,+20.112, +9.476,+0.850
1697045280,+3.52,+20.129, +9.480,+0.850
1697045580,+3.52,+20.146, +9.504,+0.851
1697045880,+3.52,+20.179, +9.484,+0.850
1697046180,+3.52,+20.213, +9.455,+0.849
1697046480,+3.52,+20.204, +9.467,+0.850
1697046780,+3.52,+20.196, +9.479,+0.851
1697047080,+3.52,+20.188, +9.464,+0.850
1697047380,+3.52,+20.171, +9.452,+0.850
1697047680,+3.52,+20.163, +9.446,+0.850
1697047980,+3.52,+20.163, +9.448,+0.850
1697048280,+3.52,+20.196, +9.433,+0.850
1697048580,+3.52,+20.221, +9.411,+0.850
1697048880,+3.52,+20.271, +9.396,+0.850
1697049180,+3.52,+20.296, +9.378,+0.850
1697049480,+3.52,+20.330, +9.361,+0.850
1697049780,+3.52,+20.338, +9.357,+0.850
1697050080,+3.52,+20.347, +9.337,+0.850
1697050380,+3.52,+20.347, +9.324,+0.850
1697050680,+3.52,+20.355, +9.310,+0.849
1697050980,+3.52,+20.347, +9.314,+0.850
1697051280,+3.52,+20.355, +9.302,+0.850
1697051580,+3.52,+20.372, +9.295,+0.850
1697051880,+3.52,+20.389, +9.272,+0.850
1697052180,+3.52,+20.397, +9.266,+0.850
1697052480,+3.51,+20.380, +9.246,+0.850
1697052780,+3.52,+20.389, +9.140,+0.852
1697053080,+3.52,+20.405, +9.134,+0.852
1697053380,+3.52,+20.414, +8.908,+0.852
1697053680,+3.52,+20.389, +9.257,+0.625
1697053980,+3.52,+20.363, +8.682,+0.936
1697054280,+3.51,+20.414, +8.679,+0.936
1697054580,+3.52,+20.455, +8.656,+0.936
1697054880,+3.51,+20.506, +8.646,+0.936
1697055180,+3.51,+20.581, +8.625,+0.936
1697055480,+3.51,+20.673, +8.596,+0.936
1697055780,+3.51,+20.757, +8.573,+0.935
1697056080,+3.51,+20.832, +8.559,+0.936
1697056380,+3.51,+20.907, +8.536,+0.936
1697056680,+3.51,+20.949, +8.525,+0.936
1697056980,+3.51,+20.966, +8.506,+0.936
1697057280,+3.51,+20.732, +8.533,+0.957
1697057580,+3.51,+20.598, +8.552,+0.957
1697057880,+3.51,+20.606, +8.563,+0.958
1697058180,+3.51,+20.556, +8.573,+0.958
1697058480,+3.51,+20.430, +8.600,+0.959
1697058780,+3.52,+20.313, +8.603,+0.958
1697059080,+3.52,+20.204, +8.605,+0.958
1697059380,+3.51,+19.970, +8.638,+0.954
1697059680,+3.51,+19.769, +8.663,+0.954
1697059980,+3.51,+19.509, +8.598,+0.960
1697060280,+3.52,+19.157, +8.655,+0.961
1697060580,+3.51,+18.972, +8.679,+0.961
1697060880,+3.51,+18.880, +8.695,+0.961
1697061180,+3.51,+18.796, +8.711,+0.958
1697061480,+3.51,+18.720, +8.716,+0.958
1697061780,+3.51,+18.661, +8.712,+0.959
1697062080,+3.51,+18.476, +8.735,+0.959
1697062380,+3.52,+18.223, +8.778,+0.959
1697062680,+3.52,+18.038, +8.842,+0.959
1697062980,+3.52,+17.970, +8.834,+0.959
1697063280,+3.52,+17.928, +8.831,+0.959
1697063580,+3.51,+17.810, +8.861,+0.959
1697063880,+3.51,+17.692, +8.881,+0.959
1697064180,+3.51,+17.599, +8.897,+0.959
1697064480,+3.51,+17.565, +8.909,+0.959
1697064780,+3.51,+17.557, +8.924,+0.959
1697065080,+3.51,+17.607, +8.906,+0.959
1697065380,+3.51,+17.751, +8.872,+0.961
1697065680,+3.52,+17.996, +8.833,+0.963
1697065980,+3.52,+18.190, +8.800,+0.964
1697066280,+3.52,+18.282, +8.780,+0.961
1697066580,+3.51,+18.409, +8.744,+0.961
1697066880,+3.51,+18.526, +8.725,+0.961
1697067180,+3.51,+18.619, +8.711,+0.961
1697067480,+3.51,+18.754, +8.689,+0.961
1697067780,+3.51,+18.888, +8.656,+0.960
1697068080,+3.51,+19.022, +8.631,+0.961
1697068380,+3.52,+19.140, +8.610,+0.961
1697068680,+3.51,+19.266, +8.588,+0.961
1697068980,+3.51,+19.392, +8.551,+0.960
1697069280,+3.51,+19.476, +8.543,+0.961
1697069580,+3.51,+19.526, +8.534,+0.961
1697069880,+3.51,+19.610, +8.516,+0.960
1697070180,+3.51,+19.652, +8.500,+0.960
1697070480,+3.51,+19.702, +8.502,+0.961
1697070780,+3.51,+19.727, +8.493,+0.960
1697071080,+3.51,+19.794, +8.481,+0.960
1697071380,+3.51,+19.819, +8.465,+0.960
1697071680,+3.51,+19.853, +8.473,+0.960
1697071980,+3.51,+19.886, +8.460,+0.960
1697072280,+3.51,+19.903, +8.454,+0.960
1697072580,+3.51,+19.928, +8.443,+0.960
1697072880,+3.51,+19.928, +8.449,+0.960
1697073180,+3.51,+19.962, +8.437,+0.960
1697073480,+3.51,+19.945, +8.427,+0.959
1697073780,+3.51,+19.945, +8.435,+0.960
1697074080,+3.51,+19.920, +8.442,+0.960
1697074380,+3.51,+19.936, +8.430,+0.960
1697074680,+3.51,+19.928, +8.439,+0.960
1697074980,+3.51,+19.920, +8.434,+0.960
1697075280,+3.51,+19.911, +8.433,+0.960
1697075580,+3.51,+19.886, +8.437,+0.960
1697075880,+3.51,+19.878, +8.435,+0.960
1697076180,+3.51,+19.844, +8.430,+0.959
1697076480,+3.51,+19.836, +8.445,+0.960
1697076780,+3.51,+19.802, +8.453,+0.961
1697077080,+3.51,+19.777, +8.444,+0.960
1697077380,+3.51,+19.752, +8.449,+0.960
1697077680,+3.51,+19.702, +8.456,+0.960
1697077980,+3.51,+19.685, +8.447,+0.960
1697078280,+3.51,+19.652, +8.462,+0.960
1697078580,+3.51,+19.610, +8.470,+0.961
1697078880,+3.51,+19.568, +8.459,+0.960
1697079180,+3.51,+19.526, +8.460,+0.959
1697079480,+3.51,+19.476, +8.472,+0.960
1697079780,+3.51,+19.442, +8.476,+0.960
1697080080,+3.51,+19.375, +8.491,+0.960
1697080380,+3.51,+19.333, +8.486,+0.960
1697080680,+3.51,+19.291, +8.497,+0.960
1697080980,+3.51,+19.257, +8.493,+0.960
1697081280,+3.51,+19.190, +8.505,+0.960
1697081580,+3.51,+19.123, +8.520,+0.960
1697081880,+3.51,+19.098, +8.525,+0.960
1697082180,+3.51,+19.064, +8.515,+0.960
1697082480,+3.51,+19.006, +8.532,+0.960
1697082780,+3.51,+18.964, +8.534,+0.960
1697083080,+3.51,+18.905, +8.545,+0.960
1697083380,+3.51,+18.863, +8.551,+0.960
1697083680,+3.51,+18.812, +8.553,+0.961
1697083980,+3.51,+18.770, +8.563,+0.961
1697084280,+3.51,+18.737, +8.563,+0.960
1697084580,+3.51,+18.678, +8.568,+0.960
1697084880,+3.51,+18.636, +8.571,+0.960
1697085180,+3.51,+18.602, +8.575,+0.961
1697085480,+3.51,+18.535, +8.590,+0.961
1697085780,+3.51,+18.484, +8.594,+0.960
1697086080,+3.51,+18.451, +8.599,+0.961
1697086380,+3.51,+18.409, +8.612,+0.962
1697086680,+3.51,+18.341, +8.609,+0.960
1697086980,+3.51,+18.316, +8.617,+0.961
1697087280,+3.51,+18.274, +8.623,+0.961
1697087580,+3.51,+18.240, +8.620,+0.961
1697087880,+3.51,+18.181, +8.625,+0.960
1697088180,+3.51,+18.147, +8.643,+0.961
1697088480,+3.51,+18.114, +8.627,+0.960
1697088780,+3.51,+18.080, +8.638,+0.961
1697089080,+3.51,+18.004, +8.659,+0.961
1697089380,+3.51,+17.979, +8.649,+0.961
1697089680,+3.51,+17.945, +8.652,+0.961
1697089980,+3.51,+17.911, +8.661,+0.961
1697090280,+3.51,+17.869, +8.667,+0.961
1697090580,+3.51,+17.810, +8.676,+0.961
1697090880,+3.51,+17.810, +8.669,+0.961
1697091180,+3.51,+17.751, +8.678,+0.961
1697091480,+3.51,+17.726, +8.671,+0.961
1697091780,+3.51,+17.667, +8.689,+0.961
1697092080,+3.51,+17.650, +8.688,+0.961
1697092380,+3.51,+17.616, +8.681,+0.960
1697092680,+3.51,+17.582, +8.697,+0.961
1697092980,+3.51,+17.548, +8.696,+0.961
1697093280,+3.51,+17.514, +8.694,+0.961
1697093580,+3.51,+17.489, +8.697,+0.961
1697093880,+3.51,+17.447, +8.701,+0.961
1697094180,+3.51,+17.404, +8.712,+0.961
1697094480,+3.51,+17.379, +8.710,+0.961
1697094780,+3.51,+17.362, +8.717,+0.961
1697095080,+3.51,+17.311, +8.734,+0.962
1697095380,+3.51,+17.277, +8.729,+0.961
1697095680,+3.51,+17.235, +8.734,+0.961
1697095980,+3.51,+17.227, +8.733,+0.961
1697096280,+3.51,+17.184, +8.740,+0.961
1697096580,+3.51,+17.150, +8.737,+0.961
1697096880,+3.51,+17.134, +8.741,+0.961
1697097180,+3.51,+17.100, +8.753,+0.962
1697097480,+3.51,+17.066, +8.762,+0.962
1697097780,+3.51,+17.040, +8.759,+0.961
1697098080,+3.51,+17.006, +8.766,+0.962
1697098380,+3.51,+16.972, +8.772,+0.962
1697098680,+3.51,+16.947, +8.769,+0.961
1697098980,+3.51,+16.913, +8.780,+0.962
1697099280,+3.51,+16.896, +8.780,+0.962
1697099580,+3.51,+16.871, +8.785,+0.962
1697099880,+3.51,+16.837, +8.777,+0.961
1697100180,+3.51,+16.828, +8.781,+0.962
1697100480,+3.51,+16.820, +8.787,+0.962
1697100780,+3.51,+16.786, +8.785,+0.962
1697101080,+3.51,+16.760, +8.794,+0.962
1697101380,+3.51,+16.743, +8.782,+0.961
1697101680,+3.51,+16.709, +8.790,+0.962
1697101980,+3.51,+16.701, +8.790,+0.962
1697102280,+3.51,+16.692, +8.784,+0.961
1697102580,+3.51,+16.658, +8.789,+0.962
1697102880,+3.51,+16.641, +8.797,+0.962
1697103180,+3.51,+16.616, +8.798,+0.962
1697103480,+3.51,+16.607, +8.795,+0.961
1697103780,+3.51,+16.599, +8.789,+0.961
1697104080,+3.51,+16.565, +8.813,+0.962
1697104380,+3.51,+16.573, +8.788,+0.962
1697104680,+3.51,+16.539, +8.801,+0.962
1697104980,+3.51,+16.514, +8.801,+0.962
1697105280,+3.51,+16.505, +8.801,+0.962
1697105580,+3.51,+16.488, +8.803,+0.962
1697105880,+3.51,+16.463, +8.814,+0.962
