7450-249209
OS REV: 1.05 Sensor Cal: 1678994209
Time (sec),  BV (Volts),  T (deg C),  DO (mg/l),  Q ()
1698188220,+3.51,+16.072, +9.855,+0.945
1698188520,+3.51,+16.370, +9.806,+0.945
1698188820,+3.51,+16.668, +9.756,+0.946
1698189120,+3.51,+16.973, +9.696,+0.945
1698189420,+3.51,+17.295, +9.687,+0.944
1698189720,+3.51,+17.625, +9.571,+0.944
1698190020,+3.51,+17.945, +9.526,+0.944
1698190320,+3.51,+18.248, +9.488,+0.944
1698190620,+3.51,+18.576, +9.427,+0.944
1698190920,+3.50,+18.854, +9.358,+0.945
1698191220,+3.51,+19.131, +9.286,+0.944
1698191520,+3.51,+19.315, +9.285,+0.945
1698191820,+3.51,+19.466, +9.234,+0.945
1698192120,+3.51,+19.575, +9.238,+0.944
1698192420,+3.50,+19.667, +9.211,+0.944
1698192720,+3.50,+19.743, +9.184,+0.943
1698193020,+3.51,+19.625, +9.198,+0.945
1698193320,+3.51,+19.307, +9.230,+0.944
1698193620,+3.51,+19.173, +9.266,+0.945
1698193920,+3.51,+19.156, +9.268,+0.945
1698194220,+3.51,+19.215, +9.244,+0.944
1698194520,+3.51,+19.273, +9.251,+0.945
1698194820,+3.51,+19.340, +9.254,+0.946
1698195120,+3.51,+19.407, +9.235,+0.945
1698195420,+3.51,+19.466, +9.213,+0.945
1698195720,+3.51,+19.516, +9.216,+0.945
1698196020,+3.51,+19.608, +9.180,+0.944
1698196320,+3.51,+19.634, +9.176,+0.944
1698196620,+3.51,+19.667, +9.186,+0.945
1698196920,+3.50,+19.743, +9.166,+0.945
1698197220,+3.50,+19.759, +9.153,+0.945
1698197520,+3.50,+19.810, +9.144,+0.944
1698197820,+3.50,+19.826, +9.152,+0.945
1698198120,+3.50,+19.885, +9.138,+0.945
1698198420,+3.50,+19.935, +9.124,+0.945
1698198720,+3.50,+19.969, +9.110,+0.944
1698199020,+3.51,+20.010, +9.118,+0.945
1698199320,+3.51,+20.044, +9.113,+0.946
1698199620,+3.51,+20.086, +9.112,+0.946
1698199920,+3.51,+20.144, +9.086,+0.945
1698200220,+3.51,+20.178, +9.091,+0.946
1698200520,+3.51,+20.195, +9.076,+0.945
1698200820,+3.51,+20.220, +9.072,+0.945
1698201120,+3.51,+20.261, +9.070,+0.945
1698201420,+3.51,+20.278, +9.060,+0.945
1698201720,+3.51,+20.303, +9.061,+0.945
1698202020,+3.51,+20.320, +9.057,+0.945
1698202320,+3.51,+20.353, +9.043,+0.945
1698202620,+3.51,+20.379, +9.035,+0.944
1698202920,+3.51,+20.395, +9.043,+0.945
1698203220,+3.51,+20.420, +9.033,+0.945
1698203520,+3.51,+20.437, +9.020,+0.944
1698203820,+3.51,+20.454, +9.021,+0.945
1698204120,+3.51,+20.479, +9.019,+0.945
1698204420,+3.51,+20.512, +9.021,+0.945
1698204720,+3.51,+20.512, +9.028,+0.945
1698205020,+3.51,+20.563, +9.007,+0.945
1698205320,+3.51,+20.588, +9.001,+0.945
1698205620,+3.51,+20.588, +8.997,+0.944
1698205920,+3.51,+20.596, +9.002,+0.945
1698206220,+3.51,+20.604, +9.002,+0.945
1698206520,+3.51,+20.638, +8.985,+0.945
1698206820,+3.51,+20.655, +8.993,+0.945
1698207120,+3.51,+20.663, +8.992,+0.945
1698207420,+3.51,+20.680, +8.982,+0.945
1698207720,+3.51,+20.680, +8.985,+0.945
1698208020,+3.51,+20.705, +8.981,+0.945
1698208320,+3.51,+20.730, +8.970,+0.944
1698208620,+3.51,+20.738, +8.983,+0.945
1698208920,+3.51,+20.738, +8.974,+0.945
1698209220,+3.51,+20.772, +8.966,+0.945
1698209520,+3.51,+20.772, +8.979,+0.945
1698209820,+3.51,+20.797, +8.963,+0.945
1698210120,+3.51,+20.797, +8.957,+0.944
1698210420,+3.51,+20.822, +8.961,+0.945
1698210720,+3.51,+20.830, +8.954,+0.945
1698211020,+3.51,+20.822, +8.961,+0.945
1698211320,+3.51,+20.847, +8.956,+0.945
1698211620,+3.51,+20.838, +8.961,+0.945
1698211920,+3.51,+20.847, +8.953,+0.945
1698212220,+3.51,+20.864, +8.950,+0.945
1698212520,+3.51,+20.872, +8.949,+0.945
1698212820,+3.51,+20.889, +8.946,+0.945
1698213120,+3.51,+20.905, +8.940,+0.945
1698213420,+3.51,+20.897, +8.944,+0.945
1698213720,+3.51,+20.930, +8.929,+0.944
1698214020,+3.51,+20.922, +8.942,+0.945
1698214320,+3.51,+20.939, +8.940,+0.945
1698214620,+3.51,+20.930, +8.940,+0.945
1698214920,+3.51,+20.955, +8.933,+0.945
1698215220,+3.51,+20.930, +8.938,+0.945
1698215520,+3.51,+20.964, +8.929,+0.945
1698215820,+3.51,+20.972, +8.923,+0.944
1698216120,+3.51,+20.964, +8.931,+0.945
1698216420,+3.51,+20.955, +8.938,+0.945
1698216720,+3.51,+20.981, +8.932,+0.945
1698217020,+3.51,+20.989, +8.929,+0.945
1698217320,+3.51,+20.997, +8.924,+0.945
1698217620,+3.51,+21.006, +8.923,+0.945
1698217920,+3.51,+21.014, +8.910,+0.944
1698218220,+3.51,+21.022, +8.922,+0.945
1698218520,+3.51,+21.031, +8.917,+0.945
1698218820,+3.51,+21.031, +8.924,+0.946
1698219120,+3.51,+21.014, +8.928,+0.945
1698219420,+3.51,+21.031, +8.911,+0.945
1698219720,+3.51,+21.056, +8.908,+0.945
1698220020,+3.51,+21.064, +8.906,+0.945
1698220320,+3.51,+21.064, +8.902,+0.945
1698220620,+3.51,+21.022, +8.915,+0.945
1698220920,+3.51,+21.064, +8.912,+0.945
1698221220,+3.51,+21.072, +8.908,+0.945
1698221520,+3.51,+21.064, +8.900,+0.945
1698221820,+3.51,+21.081, +8.906,+0.945
1698222120,+3.51,+21.106, +8.894,+0.945
1698222420,+3.51,+21.106, +8.893,+0.945
1698222720,+3.51,+21.106, +8.904,+0.945
1698223020,+3.51,+21.114, +8.893,+0.945
1698223320,+3.51,+21.106, +8.902,+0.945
1698223620,+3.51,+21.114, +8.893,+0.945
1698223920,+3.51,+21.106, +8.899,+0.945
1698224220,+3.51,+21.106, +8.900,+0.945
1698224520,+3.51,+21.123, +8.899,+0.945
1698224820,+3.51,+21.131, +8.880,+0.944
1698225120,+3.51,+21.106, +8.896,+0.945
1698225420,+3.51,+21.123, +8.903,+0.945
1698225720,+3.51,+21.131, +8.897,+0.945
1698226020,+3.51,+21.131, +8.898,+0.945
1698226320,+3.51,+21.123, +8.906,+0.945
1698226620,+3.51,+21.148, +8.882,+0.944
1698226920,+3.51,+21.131, +8.898,+0.945
1698227220,+3.51,+21.156, +8.884,+0.944
1698227520,+3.51,+21.131, +8.897,+0.945
1698227820,+3.51,+21.123, +8.899,+0.945
1698228120,+3.51,+21.139, +8.887,+0.944
1698228420,+3.51,+21.148, +8.896,+0.945
1698228720,+3.51,+21.156, +8.889,+0.945
1698229020,+3.51,+21.148, +8.895,+0.945
1698229320,+3.51,+21.173, +8.885,+0.945
1698229620,+3.51,+21.148, +8.897,+0.945
1698229920,+3.51,+21.139, +8.898,+0.945
1698230220,+3.52,+21.164, +8.884,+0.945
1698230520,+3.52,+21.139, +8.892,+0.945
1698230820,+3.51,+21.156, +8.893,+0.945
1698231120,+3.51,+21.148, +8.904,+0.945
1698231420,+3.52,+21.148, +8.901,+0.945
1698231720,+3.52,+21.156, +8.903,+0.945
1698232020,+3.52,+21.164, +8.902,+0.946
1698232320,+3.52,+21.148, +8.908,+0.945
1698232620,+3.52,+21.164, +8.901,+0.945
1698232920,+3.52,+21.164, +8.892,+0.945
1698233220,+3.52,+21.156, +8.904,+0.945
1698233520,+3.52,+21.164, +8.894,+0.944
1698233820,+3.52,+21.156, +8.901,+0.945
1698234120,+3.52,+21.181, +8.893,+0.945
1698234420,+3.52,+21.181, +8.901,+0.945
1698234720,+3.51,+21.189, +8.905,+0.945
1698235020,+3.52,+21.189, +8.904,+0.945
1698235320,+3.52,+21.181, +8.899,+0.945
1698235620,+3.52,+21.181, +8.905,+0.945
1698235920,+3.52,+21.189, +8.908,+0.945
1698236220,+3.52,+21.181, +8.912,+0.945
1698236520,+3.52,+21.189, +8.919,+0.946
1698236820,+3.52,+21.198, +8.921,+0.946
1698237120,+3.52,+21.189, +8.917,+0.945
1698237420,+3.52,+21.189, +8.919,+0.945
1698237720,+3.52,+21.206, +8.923,+0.946
1698238020,+3.52,+21.198, +8.915,+0.945
1698238320,+3.52,+21.215, +8.920,+0.946
1698238620,+3.52,+21.215, +8.925,+0.946
1698238920,+3.52,+21.240, +8.903,+0.945
1698239220,+3.51,+21.248, +8.896,+0.944
1698239520,+3.52,+21.256, +8.907,+0.945
1698239820,+3.52,+21.248, +8.898,+0.944
1698240120,+3.52,+21.256, +8.901,+0.945
1698240420,+3.52,+21.265, +8.905,+0.945
1698240720,+3.52,+21.298, +8.897,+0.945
1698241020,+3.52,+21.290, +8.907,+0.945
1698241320,+3.52,+21.315, +8.889,+0.945
1698241620,+3.52,+21.315, +8.898,+0.945
1698241920,+3.52,+21.340, +8.904,+0.946
1698242220,+3.52,+21.332, +8.894,+0.945
1698242520,+3.52,+21.357, +8.884,+0.945
1698242820,+3.52,+21.365, +8.885,+0.945
1698243120,+3.52,+21.373, +8.878,+0.945
1698243420,+3.52,+21.407, +8.876,+0.945
1698243720,+3.52,+21.398, +8.882,+0.945
1698244020,+3.52,+21.398, +8.872,+0.945
1698244320,+3.52,+21.407, +8.875,+0.945
1698244620,+3.52,+21.440, +8.879,+0.946
1698244920,+3.52,+21.440, +8.885,+0.946
1698245220,+3.52,+21.449, +8.873,+0.945
1698245520,+3.52,+21.465, +8.872,+0.945
1698245820,+3.52,+21.490, +8.863,+0.945
1698246120,+3.52,+21.482, +8.872,+0.945
1698246420,+3.52,+21.499, +8.866,+0.945
1698246720,+3.52,+21.524, +8.853,+0.945
1698247020,+3.52,+21.507, +8.852,+0.945
1698247320,+3.52,+21.515, +8.868,+0.946
1698247620,+3.52,+21.532, +8.854,+0.945
1698247920,+3.52,+21.532, +8.854,+0.945
1698248220,+3.51,+21.515, +8.861,+0.945
1698248520,+3.52,+21.549, +8.857,+0.946
1698248820,+3.51,+21.557, +8.837,+0.945
1698249120,+3.52,+21.565, +8.834,+0.944
1698249420,+3.52,+21.565, +8.837,+0.945
1698249720,+3.51,+21.574, +8.840,+0.945
1698250020,+3.52,+21.582, +8.834,+0.945
1698250320,+3.52,+21.599, +8.830,+0.945
1698250620,+3.51,+21.591, +8.832,+0.945
1698250920,+3.52,+21.591, +8.833,+0.945
1698251220,+3.52,+21.591, +8.838,+0.945
1698251520,+3.52,+21.607, +8.847,+0.946
1698251820,+3.52,+21.599, +8.838,+0.945
1698252120,+3.51,+21.616, +8.838,+0.945
1698252420,+3.51,+21.607, +8.830,+0.945
1698252720,+3.52,+21.616, +8.836,+0.945
1698253020,+3.52,+21.624, +8.822,+0.945
1698253320,+3.52,+21.632, +8.814,+0.945
1698253620,+3.52,+21.632, +8.817,+0.945
1698253920,+3.52,+21.641, +8.808,+0.945
1698254220,+3.51,+21.649, +8.810,+0.945
1698254520,+3.52,+21.649, +8.825,+0.946
1698254820,+3.52,+21.649, +8.809,+0.945
1698255120,+3.52,+21.624, +8.814,+0.945
1698255420,+3.52,+21.641, +8.823,+0.946
1698255720,+3.52,+21.649, +8.815,+0.945
1698256020,+3.52,+21.657, +8.815,+0.946
1698256320,+3.52,+21.657, +8.810,+0.945
1698256620,+3.52,+21.674, +8.798,+0.944
1698256920,+3.52,+21.682, +8.804,+0.945
1698257220,+3.52,+21.674, +8.790,+0.944
1698257520,+3.52,+21.682, +8.797,+0.945
1698257820,+3.52,+21.674, +8.801,+0.945
1698258120,+3.51,+21.691, +8.802,+0.945
1698258420,+3.51,+21.682, +8.808,+0.946
1698258720,+3.51,+21.682, +8.794,+0.945
1698259020,+3.52,+21.682, +8.796,+0.945
1698259320,+3.52,+21.691, +8.796,+0.945
1698259620,+3.52,+21.674, +8.801,+0.945
1698259920,+3.52,+21.691, +8.797,+0.945
1698260220,+3.52,+21.682, +8.806,+0.945
1698260520,+3.52,+21.724, +8.789,+0.945
1698260820,+3.52,+21.699, +8.791,+0.945
1698261120,+3.52,+21.708, +8.790,+0.945
1698261420,+3.52,+21.691, +8.787,+0.945
1698261720,+3.52,+21.716, +8.783,+0.944
1698262020,+3.52,+21.708, +8.784,+0.945
1698262320,+3.51,+21.699, +8.801,+0.945
1698262620,+3.52,+21.716, +8.797,+0.946
1698262920,+3.52,+21.699, +8.780,+0.944
1698263220,+3.52,+21.716, +8.790,+0.945
1698263520,+3.52,+21.699, +8.795,+0.945
1698263820,+3.52,+21.699, +8.789,+0.945
1698264120,+3.52,+21.716, +8.796,+0.945
1698264420,+3.52,+21.716, +8.791,+0.945
1698264720,+3.52,+21.733, +8.792,+0.945
1698265020,+3.52,+21.716, +8.796,+0.945
1698265320,+3.52,+21.716, +8.783,+0.944
1698265620,+3.52,+21.741, +8.795,+0.945
1698265920,+3.52,+21.733, +8.783,+0.945
1698266220,+3.52,+21.708, +8.793,+0.945
1698266520,+3.52,+21.716, +8.796,+0.945
1698266820,+3.52,+21.733, +8.791,+0.945
1698267120,+3.52,+21.724, +8.793,+0.945
1698267420,+3.52,+21.724, +8.792,+0.945
1698267720,+3.52,+21.716, +8.793,+0.945
1698268020,+3.52,+21.741, +8.785,+0.945
1698268320,+3.52,+21.733, +8.794,+0.945
1698268620,+3.52,+21.749, +8.782,+0.945
1698268920,+3.52,+21.741, +8.789,+0.945
1698269220,+3.52,+21.749, +8.790,+0.945
1698269520,+3.52,+21.741, +8.805,+0.946
1698269820,+3.52,+21.724, +8.803,+0.946
1698270120,+3.52,+21.724, +8.796,+0.945
1698270420,+3.52,+21.724, +8.791,+0.945
1698270720,+3.52,+21.716, +8.802,+0.945
1698271020,+3.52,+21.708, +8.801,+0.945
1698271320,+3.52,+21.733, +8.788,+0.945
1698271620,+3.52,+21.716, +8.808,+0.946
1698271920,+3.52,+21.724, +8.798,+0.945
1698272220,+3.52,+21.733, +8.802,+0.945
1698272520,+3.52,+21.741, +8.795,+0.945
1698272820,+3.52,+21.733, +8.807,+0.945
1698273120,+3.52,+21.741, +8.794,+0.945
1698273420,+3.52,+21.733, +8.808,+0.945
1698273720,+3.52,+21.741, +8.798,+0.945
1698274020,+3.52,+21.741, +8.804,+0.945
1698274320,+3.52,+21.724, +8.811,+0.945
1698274620,+3.52,+21.716, +8.812,+0.945
