7450-249209
OS REV: 1.05 Sensor Cal: 1678994209
Time (sec),  BV (Volts),  T (deg C),  DO (mg/l),  Q ()
1698101520,+3.51,+21.791, +8.832,+0.943
1698101820,+3.51,+21.799, +8.831,+0.944
1698102120,+3.51,+21.808, +8.836,+0.944
1698102420,+3.51,+21.825, +8.818,+0.943
1698102720,+3.51,+21.858, +8.823,+0.944
1698103020,+3.51,+21.841, +8.814,+0.943
1698103320,+3.51,+21.850, +8.816,+0.943
1698103620,+3.51,+21.866, +8.822,+0.943
1698103920,+3.51,+21.875, +8.817,+0.943
1698104220,+3.51,+21.891, +8.810,+0.943
1698104520,+3.51,+21.866, +8.822,+0.943
1698104820,+3.51,+21.866, +8.816,+0.943
1698105120,+3.51,+21.900, +8.815,+0.943
1698105420,+3.51,+21.883, +8.825,+0.943
1698105720,+3.51,+21.891, +8.809,+0.943
1698106020,+3.51,+21.916, +8.818,+0.944
1698106320,+3.51,+21.900, +8.808,+0.943
1698106620,+3.51,+21.900, +8.814,+0.943
1698106920,+3.51,+21.908, +8.816,+0.944
1698107220,+3.51,+21.900, +8.816,+0.943
1698107520,+3.51,+21.900, +8.826,+0.944
1698107820,+3.51,+21.883, +8.827,+0.944
1698108120,+3.51,+21.883, +8.829,+0.944
1698108420,+3.51,+21.891, +8.825,+0.944
1698108720,+3.51,+21.883, +8.821,+0.943
1698109020,+3.51,+21.891, +8.824,+0.943
1698109320,+3.51,+21.883, +8.815,+0.942
1698109620,+3.51,+21.891, +8.819,+0.943
1698109920,+3.51,+21.883, +8.827,+0.943
1698110220,+3.51,+21.875, +8.830,+0.943
1698110520,+3.51,+21.875, +8.841,+0.944
1698110820,+3.51,+21.891, +8.812,+0.942
1698111120,+3.51,+21.875, +8.828,+0.943
1698111420,+3.51,+21.883, +8.825,+0.943
1698111720,+3.51,+21.866, +8.826,+0.943
1698112020,+3.51,+21.866, +8.827,+0.943
1698112320,+3.51,+21.850, +8.840,+0.943
1698112620,+3.51,+21.850, +8.834,+0.943
1698112920,+3.51,+21.858, +8.833,+0.943
1698113220,+3.51,+21.841, +8.838,+0.943
1698113520,+3.51,+21.841, +8.852,+0.944
1698113820,+3.52,+21.841, +8.835,+0.943
1698114120,+3.51,+21.841, +8.839,+0.943
1698114420,+3.52,+21.808, +8.847,+0.943
1698114720,+3.52,+21.808, +8.849,+0.943
1698115020,+3.52,+21.825, +8.839,+0.943
1698115320,+3.52,+21.841, +8.833,+0.943
1698115620,+3.52,+21.816, +8.846,+0.943
1698115920,+3.52,+21.816, +8.854,+0.944
1698116220,+3.52,+21.808, +8.849,+0.943
1698116520,+3.52,+21.808, +8.855,+0.944
1698116820,+3.52,+21.799, +8.854,+0.944
1698117120,+3.52,+21.791, +8.855,+0.944
1698117420,+3.52,+21.808, +8.836,+0.943
1698117720,+3.52,+21.783, +8.855,+0.943
1698118020,+3.52,+21.783, +8.860,+0.944
1698118320,+3.52,+21.774, +8.855,+0.943
1698118620,+3.52,+21.766, +8.861,+0.943
1698118920,+3.52,+21.766, +8.853,+0.943
1698119220,+3.52,+21.774, +8.849,+0.943
1698119520,+3.52,+21.749, +8.872,+0.944
1698119820,+3.52,+21.758, +8.864,+0.943
1698120120,+3.52,+21.749, +8.863,+0.943
1698120420,+3.52,+21.749, +8.867,+0.944
1698120720,+3.52,+21.741, +8.856,+0.942
1698121020,+3.52,+21.741, +8.862,+0.943
1698121320,+3.52,+21.741, +8.866,+0.943
1698121620,+3.52,+21.724, +8.866,+0.943
1698121920,+3.52,+21.741, +8.864,+0.943
1698122220,+3.52,+21.724, +8.871,+0.944
1698122520,+3.52,+21.724, +8.867,+0.943
1698122820,+3.52,+21.708, +8.877,+0.944
1698123120,+3.52,+21.716, +8.857,+0.943
1698123420,+3.52,+21.691, +8.864,+0.942
1698123720,+3.52,+21.708, +8.867,+0.943
1698124020,+3.52,+21.699, +8.863,+0.943
1698124320,+3.52,+21.691, +8.872,+0.943
1698124620,+3.52,+21.691, +8.869,+0.943
1698124920,+3.52,+21.674, +8.863,+0.942
1698125220,+3.52,+21.666, +8.889,+0.944
1698125520,+3.52,+21.674, +8.885,+0.944
1698125820,+3.52,+21.657, +8.884,+0.943
1698126120,+3.52,+21.666, +8.880,+0.943
1698126420,+3.52,+21.657, +8.900,+0.944
1698126720,+3.52,+21.649, +8.874,+0.943
1698127020,+3.52,+21.666, +8.881,+0.943
1698127320,+3.52,+21.657, +8.888,+0.944
1698127620,+3.52,+21.641, +8.877,+0.943
1698127920,+3.52,+21.632, +8.884,+0.943
1698128220,+3.52,+21.624, +8.878,+0.943
1698128520,+3.52,+21.641, +8.884,+0.943
1698128820,+3.52,+21.632, +8.889,+0.943
1698129120,+3.52,+21.624, +8.886,+0.943
1698129420,+3.52,+21.632, +8.887,+0.943
1698129720,+3.52,+21.591, +8.898,+0.943
1698130020,+3.52,+21.616, +8.892,+0.944
1698130320,+3.52,+21.599, +8.898,+0.943
1698130620,+3.52,+21.591, +8.907,+0.944
1698130920,+3.52,+21.582, +8.892,+0.943
1698131220,+3.52,+21.599, +8.895,+0.943
1698131520,+3.52,+21.591, +8.899,+0.943
1698131820,+3.52,+21.582, +8.883,+0.942
1698132120,+3.52,+21.591, +8.888,+0.943
1698132420,+3.52,+21.582, +8.888,+0.943
1698132720,+3.52,+21.582, +8.894,+0.943
1698133020,+3.52,+21.565, +8.893,+0.943
1698133320,+3.52,+21.582, +8.903,+0.943
1698133620,+3.52,+21.557, +8.899,+0.943
1698133920,+3.52,+21.565, +8.895,+0.943
1698134220,+3.52,+21.540, +8.903,+0.943
1698134520,+3.52,+21.557, +8.905,+0.944
1698134820,+3.52,+21.540, +8.913,+0.944
1698135120,+3.52,+21.549, +8.904,+0.943
1698135420,+3.52,+21.549, +8.902,+0.943
1698135720,+3.52,+21.540, +8.905,+0.943
1698136020,+3.52,+21.515, +8.918,+0.944
1698136320,+3.52,+21.532, +8.907,+0.943
1698136620,+3.52,+21.515, +8.905,+0.943
1698136920,+3.52,+21.515, +8.904,+0.943
1698137220,+3.52,+21.507, +8.904,+0.943
1698137520,+3.52,+21.524, +8.903,+0.943
1698137820,+3.52,+21.490, +8.921,+0.943
1698138120,+3.52,+21.507, +8.909,+0.943
1698138420,+3.52,+21.507, +8.931,+0.944
1698138720,+3.52,+21.499, +8.920,+0.943
1698139020,+3.52,+21.490, +8.925,+0.943
1698139320,+3.52,+21.490, +8.918,+0.943
1698139620,+3.52,+21.482, +8.923,+0.943
1698139920,+3.52,+21.474, +8.913,+0.942
1698140220,+3.52,+21.482, +8.913,+0.943
1698140520,+3.52,+21.465, +8.933,+0.943
1698140820,+3.52,+21.474, +8.929,+0.943
1698141120,+3.52,+21.474, +8.926,+0.943
1698141420,+3.52,+21.474, +8.936,+0.944
1698141720,+3.52,+21.465, +8.927,+0.943
1698142020,+3.52,+21.449, +8.933,+0.943
1698142320,+3.52,+21.457, +8.929,+0.943
1698142620,+3.52,+21.449, +8.941,+0.944
1698142920,+3.52,+21.457, +8.936,+0.943
1698143220,+3.52,+21.423, +8.937,+0.943
1698143520,+3.52,+21.432, +8.944,+0.943
1698143820,+3.52,+21.423, +8.933,+0.943
1698144120,+3.52,+21.432, +8.932,+0.943
1698144420,+3.52,+21.365, +8.947,+0.942
1698144720,+3.52,+21.164, +9.000,+0.943
1698145020,+3.52,+20.830, +9.068,+0.943
1698145320,+3.52,+20.312, +9.166,+0.943
1698145620,+3.52,+19.692, +9.287,+0.943
1698145920,+3.52,+19.055, +9.412,+0.941
1698146220,+3.52,+18.316, +9.563,+0.942
1698146520,+3.52,+17.413, +9.724,+0.944
1698146820,+3.52,+16.549, +9.892,+0.945
1698147120,+3.53,+15.773,+10.039,+0.944
1698147420,+3.53,+14.985,+10.205,+0.945
1698147720,+3.53,+14.208,+10.389,+0.945
1698148020,+3.53,+13.486,+10.538,+0.945
1698148320,+3.53,+12.740,+10.703,+0.944
1698148620,+3.53,+11.837,+10.939,+0.946
1698148920,+3.53,+11.013,+11.159,+0.947
1698149220,+3.53,+10.307,+11.370,+0.947
1698149520,+3.53, +9.750,+11.468,+0.947
1698149820,+3.53, +9.243,+11.583,+0.946
1698150120,+3.53, +8.882,+11.669,+0.946
1698150420,+3.53, +8.667,+11.738,+0.948
1698150720,+3.53, +8.424,+11.862,+0.947
1698151020,+3.53, +8.152,+11.935,+0.947
1698151320,+3.53, +7.944,+12.020,+0.947
1698151620,+3.53, +7.840,+12.038,+0.947
1698151920,+3.53, +7.650,+12.108,+0.947
1698152220,+3.53, +7.517,+12.151,+0.948
1698152520,+3.53, +7.403,+12.190,+0.947
1698152820,+3.53, +7.441,+12.163,+0.947
1698153120,+3.53, +7.650,+12.094,+0.947
1698153420,+3.53, +7.887,+12.032,+0.948
1698153720,+3.53, +8.189,+11.921,+0.947
1698154020,+3.53, +8.415,+11.867,+0.947
1698154320,+3.53, +8.592,+11.802,+0.947
1698154620,+3.53, +8.639,+11.793,+0.947
1698154920,+3.53, +8.882,+11.719,+0.950
1698155220,+3.52,+11.988, +6.993,+0.940
1698155520,+3.52,+12.986, +5.443,+0.934
1698155820,+3.52,+13.398, +5.171,+0.935
1698156120,+3.53,+13.582, +5.188,+0.937
1698156420,+3.53,+13.695, +5.351,+0.938
1698156720,+3.52,+13.843, +5.633,+0.940
1698157020,+3.52,+13.878, +5.995,+0.941
1698157320,+3.52,+13.921, +6.470,+0.941
1698157620,+3.52,+13.965, +6.975,+0.942
1698157920,+3.52,+13.973, +7.466,+0.943
1698158220,+3.52,+14.043, +7.837,+0.944
1698158520,+3.52,+14.086, +8.175,+0.943
1698158820,+3.52,+14.104, +8.494,+0.945
1698159120,+3.52,+14.104, +8.666,+0.945
1698159420,+3.52,+14.104, +8.707,+0.946
1698159720,+3.52,+14.060, +8.650,+0.946
1698160020,+3.52,+14.078, +8.791,+0.946
1698160320,+3.52,+14.095, +8.875,+0.946
1698160620,+3.52,+14.164, +8.976,+0.946
1698160920,+3.52,+14.208, +9.231,+0.946
1698161220,+3.52,+14.268, +9.514,+0.946
1698161520,+3.52,+14.337, +9.834,+0.947
1698161820,+3.52,+14.389,+10.037,+0.947
1698162120,+3.52,+14.329,+10.155,+0.947
1698162420,+3.52,+14.381, +9.978,+0.947
1698162720,+3.52,+14.459,+10.109,+0.946
1698163020,+3.52,+14.485,+10.273,+0.946
1698163320,+3.52,+14.536,+10.375,+0.946
1698163620,+3.52,+14.605,+10.617,+0.946
1698163920,+3.52,+14.640,+10.722,+0.946
1698164220,+3.52,+14.631,+10.785,+0.947
1698164520,+3.52,+14.709,+10.895,+0.947
1698164820,+3.52,+14.718,+11.028,+0.947
1698165120,+3.52,+14.761,+11.036,+0.946
1698165420,+3.52,+14.769,+11.091,+0.946
1698165720,+3.52,+14.899,+11.265,+0.946
1698166020,+3.52,+14.950,+11.421,+0.946
1698166320,+3.52,+14.985,+11.625,+0.947
1698166620,+3.52,+15.053,+11.904,+0.947
1698166920,+3.52,+15.079,+12.268,+0.947
1698167220,+3.52,+15.157,+12.377,+0.947
1698167520,+3.52,+15.165,+12.362,+0.946
1698167820,+3.52,+15.217,+12.416,+0.947
1698168120,+3.52,+15.242,+12.435,+0.948
1698168420,+3.52,+15.285,+12.514,+0.948
1698168720,+3.52,+15.303,+12.579,+0.947
1698169020,+3.52,+15.285,+12.352,+0.948
1698169320,+3.51,+15.405,+12.448,+0.948
1698169620,+3.51,+15.440,+12.411,+0.948
1698169920,+3.51,+15.534,+12.495,+0.948
1698170220,+3.51,+15.577,+12.818,+0.949
1698170520,+3.51,+15.654,+13.131,+0.948
1698170820,+3.52,+15.714,+13.303,+0.949
1698171120,+3.52,+15.842,+13.228,+0.949
1698171420,+3.52,+15.842,+13.218,+0.948
1698171720,+3.52,+15.910,+13.295,+0.948
1698172020,+3.52,+15.970,+13.257,+0.949
1698172320,+3.52,+16.004,+12.885,+0.948
1698172620,+3.52,+16.004,+12.944,+0.948
1698172920,+3.52,+16.021,+12.980,+0.949
1698173220,+3.52,+16.098,+12.961,+0.949
1698173520,+3.52,+16.166,+12.852,+0.949
1698173820,+3.51,+16.243,+12.790,+0.948
1698174120,+3.51,+16.226,+12.924,+0.948
1698174420,+3.51,+16.294,+13.075,+0.949
1698174720,+3.51,+16.319,+13.186,+0.948
1698175020,+3.51,+16.302,+13.166,+0.949
1698175320,+3.51,+16.268,+13.216,+0.949
1698175620,+3.51,+16.277,+13.335,+0.949
1698175920,+3.51,+16.370,+13.301,+0.949
1698176220,+3.51,+16.387,+13.240,+0.949
1698176520,+3.51,+16.481,+13.285,+0.949
1698176820,+3.51,+16.464,+12.961,+0.948
1698177120,+3.51,+16.464,+12.768,+0.949
1698177420,+3.51,+16.464,+12.779,+0.949
1698177720,+3.51,+16.481,+12.804,+0.950
1698178020,+3.51,+16.481,+12.726,+0.949
1698178320,+3.51,+16.498,+12.585,+0.949
1698178620,+3.51,+16.523,+12.430,+0.950
1698178920,+3.51,+16.498,+12.551,+0.949
1698179220,+3.51,+16.464,+12.782,+0.949
1698179520,+3.51,+16.404,+12.557,+0.949
1698179820,+3.51,+16.549,+12.159,+0.948
1698180120,+3.51,+16.685,+11.330,+0.948
1698180420,+3.51,+16.727,+10.819,+0.948
1698180720,+3.51,+16.761,+10.373,+0.947
1698181020,+3.51,+16.778,+10.225,+0.947
1698181320,+3.51,+16.795,+10.061,+0.947
1698181620,+3.51,+16.795, +9.886,+0.947
1698181920,+3.51,+16.812, +9.654,+0.947
1698182220,+3.51,+16.804, +9.482,+0.947
1698182520,+3.51,+16.795, +9.204,+0.947
1698182820,+3.52,+15.850, +9.953,+0.945
1698183120,+3.51,+16.481, +9.803,+0.945
1698183420,+3.51,+16.999, +9.682,+0.945
1698183720,+3.51,+17.286, +9.623,+0.945
1698184020,+3.51,+17.363, +9.609,+0.944
1698184320,+3.51,+17.261, +9.654,+0.945
1698184620,+3.51,+17.160, +9.669,+0.945
1698184920,+3.51,+16.999, +9.699,+0.945
1698185220,+3.51,+16.871, +9.727,+0.945
1698185520,+3.51,+16.829, +9.738,+0.945
1698185820,+3.51,+16.625, +9.783,+0.945
1698186120,+3.51,+16.430, +9.807,+0.945
1698186420,+3.51,+16.183, +9.854,+0.945
1698186720,+3.51,+15.936, +9.912,+0.946
1698187020,+3.51,+15.705, +9.948,+0.945
1698187320,+3.51,+15.585, +9.962,+0.945
1698187620,+3.51,+15.628, +9.940,+0.945
1698187920,+3.51,+15.816, +9.904,+0.945
