7450-249209
OS REV: 1.05 Sensor Cal: 1678994209
Time (sec),  BV (Volts),  T (deg C),  DO (mg/l),  Q ()
1697754720,+3.52,+25.250, +7.934,+0.943
1697755020,+3.52,+24.990, +7.975,+0.943
1697755320,+3.52,+24.738, +8.002,+0.943
1697755620,+3.52,+24.494, +8.038,+0.943
1697755920,+3.52,+24.217, +8.068,+0.943
1697756220,+3.52,+23.991, +8.098,+0.943
1697756520,+3.52,+23.706, +8.141,+0.943
1697756820,+3.52,+23.480, +8.167,+0.943
1697757120,+3.52,+23.246, +8.193,+0.943
1697757420,+3.52,+23.011, +8.221,+0.943
1697757720,+3.52,+22.769, +8.254,+0.943
1697758020,+3.52,+22.552, +8.290,+0.943
1697758320,+3.53,+22.334, +8.322,+0.943
1697758620,+3.52,+22.109, +8.358,+0.944
1697758920,+3.52,+21.891, +8.378,+0.943
1697759220,+3.52,+21.682, +8.416,+0.943
1697759520,+3.53,+21.482, +8.435,+0.943
1697759820,+3.53,+21.281, +8.473,+0.943
1697760120,+3.52,+21.089, +8.491,+0.943
1697760420,+3.52,+20.880, +8.519,+0.942
1697760720,+3.52,+20.705, +8.551,+0.943
1697761020,+3.53,+20.504, +8.581,+0.943
1697761320,+3.53,+20.337, +8.608,+0.943
1697761620,+3.53,+20.153, +8.636,+0.943
1697761920,+3.52,+19.994, +8.662,+0.943
1697762220,+3.52,+19.801, +8.703,+0.944
1697762520,+3.52,+19.650, +8.715,+0.943
1697762820,+3.53,+19.500, +8.734,+0.943
1697763120,+3.53,+19.349, +8.758,+0.943
1697763420,+3.53,+19.223, +8.768,+0.943
1697763720,+3.53,+19.072, +8.804,+0.944
1697764020,+3.53,+18.946, +8.818,+0.943
1697764320,+3.52,+18.795, +8.842,+0.943
1697764620,+3.52,+18.652, +8.874,+0.944
1697764920,+3.53,+18.551, +8.892,+0.944
1697765220,+3.53,+18.433, +8.893,+0.943
1697765520,+3.53,+18.316, +8.922,+0.943
1697765820,+3.53,+18.198, +8.938,+0.943
1697766120,+3.53,+18.122, +8.952,+0.943
1697766420,+3.53,+18.021, +8.972,+0.944
1697766720,+3.53,+17.945, +8.982,+0.944
1697767020,+3.53,+17.869, +8.991,+0.943
1697767320,+3.53,+17.835, +8.998,+0.944
1697767620,+3.52,+17.776, +9.007,+0.944
1697767920,+3.52,+17.734, +9.015,+0.944
1697768220,+3.52,+17.701, +9.019,+0.944
1697768520,+3.52,+17.684, +9.011,+0.944
1697768820,+3.52,+17.641, +9.016,+0.943
1697769120,+3.52,+17.608, +9.026,+0.944
1697769420,+3.52,+17.582, +9.024,+0.943
1697769720,+3.52,+17.549, +9.039,+0.944
1697770020,+3.53,+17.549, +9.022,+0.943
1697770320,+3.53,+17.515, +9.033,+0.944
1697770620,+3.52,+17.498, +9.040,+0.944
1697770920,+3.53,+17.481, +9.036,+0.944
1697771220,+3.53,+17.456, +9.040,+0.944
1697771520,+3.52,+17.447, +9.038,+0.944
1697771820,+3.53,+17.422, +9.035,+0.943
1697772120,+3.53,+17.405, +9.039,+0.943
1697772420,+3.53,+17.380, +9.047,+0.944
1697772720,+3.53,+17.388, +9.037,+0.944
1697773020,+3.53,+17.363, +9.049,+0.944
1697773320,+3.53,+17.329, +9.048,+0.944
1697773620,+3.53,+17.312, +9.060,+0.944
1697773920,+3.53,+17.295, +9.050,+0.944
1697774220,+3.53,+17.295, +9.039,+0.943
1697774520,+3.53,+17.286, +9.041,+0.943
1697774820,+3.53,+17.236, +9.059,+0.944
1697775120,+3.53,+17.236, +9.055,+0.944
1697775420,+3.53,+17.227, +9.061,+0.944
1697775720,+3.53,+17.210, +9.056,+0.944
1697776020,+3.53,+17.193, +9.104,+0.944
1697776320,+3.53,+17.185, +9.126,+0.944
1697776620,+3.53,+17.168, +9.106,+0.943
1697776920,+3.53,+17.151, +9.116,+0.944
1697777220,+3.53,+17.126, +9.113,+0.943
1697777520,+3.53,+17.134, +9.118,+0.944
1697777820,+3.53,+17.100, +9.134,+0.944
1697778120,+3.53,+17.100, +9.134,+0.944
1697778420,+3.53,+17.083, +9.132,+0.944
1697778720,+3.53,+17.066, +9.134,+0.944
1697779020,+3.53,+17.041, +9.137,+0.944
1697779320,+3.53,+17.033, +9.134,+0.943
1697779620,+3.53,+17.041, +9.130,+0.944
1697779920,+3.53,+16.990, +9.143,+0.944
1697780220,+3.53,+16.956, +9.159,+0.944
1697780520,+3.53,+16.922, +9.157,+0.943
1697780820,+3.53,+16.871, +9.175,+0.944
1697781120,+3.52,+16.812, +9.183,+0.944
1697781420,+3.52,+16.736, +9.198,+0.944
1697781720,+3.52,+16.668, +9.207,+0.944
1697782020,+3.52,+16.600, +9.225,+0.944
1697782320,+3.52,+16.523, +9.236,+0.943
1697782620,+3.52,+16.438, +9.252,+0.944
1697782920,+3.52,+16.345, +9.278,+0.944
1697783220,+3.52,+16.277, +9.293,+0.944
1697783520,+3.52,+16.192, +9.307,+0.944
1697783820,+3.53,+16.115, +9.324,+0.944
1697784120,+3.53,+16.047, +9.334,+0.944
1697784420,+3.53,+15.953, +9.345,+0.943
1697784720,+3.53,+15.876, +9.369,+0.944
1697785020,+3.53,+15.799, +9.384,+0.944
1697785320,+3.52,+15.722, +9.400,+0.944
1697785620,+3.52,+15.645, +9.424,+0.944
1697785920,+3.52,+15.560, +9.437,+0.944
1697786220,+3.52,+15.491, +9.443,+0.944
1697786520,+3.52,+15.440, +9.447,+0.944
1697786820,+3.52,+15.363, +9.464,+0.943
1697787120,+3.52,+15.277, +9.491,+0.944
1697787420,+3.52,+15.200, +9.499,+0.944
1697787720,+3.52,+15.157, +9.513,+0.944
1697788020,+3.52,+15.071, +9.520,+0.943
1697788320,+3.52,+14.985, +9.558,+0.944
1697788620,+3.53,+14.924, +9.559,+0.944
1697788920,+3.53,+14.864, +9.577,+0.944
1697789220,+3.52,+14.795, +9.605,+0.945
1697789520,+3.53,+14.761, +9.600,+0.944
1697789820,+3.53,+14.700, +9.628,+0.945
1697790120,+3.53,+14.692, +9.612,+0.944
1697790420,+3.52,+14.640, +9.629,+0.944
1697790720,+3.52,+14.605, +9.646,+0.945
1697791020,+3.52,+14.571, +9.633,+0.944
1697791320,+3.52,+14.519, +9.654,+0.944
1697791620,+3.52,+14.485, +9.657,+0.944
1697791920,+3.52,+14.441, +9.686,+0.945
1697792220,+3.52,+14.415, +9.680,+0.944
1697792520,+3.52,+14.372, +9.692,+0.944
1697792820,+3.52,+14.337, +9.704,+0.945
1697793120,+3.52,+14.303, +9.708,+0.945
1697793420,+3.52,+14.242, +9.731,+0.945
1697793720,+3.52,+14.234, +9.741,+0.945
1697794020,+3.52,+14.216, +9.723,+0.944
1697794320,+3.52,+14.190, +9.738,+0.944
1697794620,+3.52,+14.147, +9.749,+0.945
1697794920,+3.52,+14.112, +9.763,+0.945
1697795220,+3.52,+14.069, +9.773,+0.945
1697795520,+3.52,+14.034, +9.782,+0.944
1697795820,+3.52,+14.017, +9.802,+0.946
1697796120,+3.52,+13.956, +9.804,+0.945
1697796420,+3.52,+13.947, +9.814,+0.945
1697796720,+3.52,+13.912, +9.823,+0.945
1697797020,+3.52,+13.886, +9.827,+0.945
1697797320,+3.52,+13.852, +9.844,+0.945
1697797620,+3.52,+13.852, +9.846,+0.945
1697797920,+3.52,+13.817, +9.847,+0.944
1697798220,+3.52,+13.826, +9.853,+0.945
1697798520,+3.52,+13.808, +9.860,+0.945
1697798820,+3.52,+13.791, +9.874,+0.945
1697799120,+3.52,+13.782, +9.876,+0.945
1697799420,+3.52,+13.756, +9.890,+0.945
1697799720,+3.52,+13.756, +9.893,+0.945
1697800020,+3.52,+13.738, +9.903,+0.945
1697800320,+3.52,+13.721, +9.908,+0.945
1697800620,+3.52,+13.695, +9.915,+0.945
1697800920,+3.52,+13.678, +9.916,+0.944
1697801220,+3.52,+13.643, +9.932,+0.944
1697801520,+3.52,+13.643, +9.940,+0.945
1697801820,+3.52,+13.608, +9.950,+0.944
1697802120,+3.52,+13.599, +9.956,+0.945
1697802420,+3.52,+13.582, +9.976,+0.945
1697802720,+3.52,+13.555, +9.986,+0.945
1697803020,+3.52,+13.538, +9.985,+0.945
1697803320,+3.52,+13.538, +9.996,+0.945
1697803620,+3.52,+13.512,+10.002,+0.945
1697803920,+3.52,+13.486,+10.007,+0.944
1697804220,+3.52,+13.512,+10.005,+0.945
1697804520,+3.52,+13.494,+10.023,+0.945
1697804820,+3.52,+13.503,+10.017,+0.945
1697805120,+3.52,+13.599,+10.000,+0.945
1697805420,+3.52,+13.756, +9.969,+0.945
1697805720,+3.52,+13.999, +9.906,+0.945
1697806020,+3.52,+14.190, +9.867,+0.944
1697806320,+3.51,+14.337, +9.846,+0.945
1697806620,+3.51,+14.459, +9.806,+0.944
1697806920,+3.51,+14.562, +9.802,+0.944
1697807220,+3.52,+14.675, +9.783,+0.944
1697807520,+3.52,+14.778, +9.749,+0.943
1697807820,+3.52,+14.864, +9.742,+0.944
1697808120,+3.52,+15.002, +9.730,+0.944
1697808420,+3.51,+15.139, +9.691,+0.944
1697808720,+3.51,+15.234, +9.691,+0.944
1697809020,+3.51,+15.380, +9.646,+0.944
1697809320,+3.51,+15.508, +9.625,+0.944
1697809620,+3.51,+15.620, +9.606,+0.944
1697809920,+3.52,+15.782, +9.574,+0.944
1697810220,+3.52,+15.927, +9.546,+0.943
1697810520,+3.52,+16.064, +9.526,+0.944
1697810820,+3.51,+16.336, +9.480,+0.944
1697811120,+3.51,+16.685, +9.405,+0.944
1697811420,+3.51,+16.965, +9.340,+0.943
1697811720,+3.51,+17.227, +9.295,+0.943
1697812020,+3.51,+17.472, +9.251,+0.943
1697812320,+3.51,+17.743, +9.214,+0.943
1697812620,+3.51,+18.080, +9.142,+0.943
1697812920,+3.51,+18.366, +9.095,+0.943
1697813220,+3.51,+18.711, +9.025,+0.943
1697813520,+3.51,+19.013, +8.974,+0.942
1697813820,+3.51,+19.315, +8.929,+0.943
1697814120,+3.51,+19.592, +8.891,+0.943
1697814420,+3.50,+19.860, +8.842,+0.943
1697814720,+3.51,+20.119, +8.804,+0.943
1697815020,+3.51,+20.404, +8.764,+0.943
1697815320,+3.50,+20.713, +8.710,+0.943
1697815620,+3.50,+21.031, +8.655,+0.942
1697815920,+3.51,+21.315, +8.610,+0.942
1697816220,+3.51,+21.616, +8.562,+0.942
1697816520,+3.50,+21.925, +8.520,+0.942
1697816820,+3.51,+22.326, +8.454,+0.942
1697817120,+3.50,+22.752, +8.390,+0.942
1697817420,+3.50,+23.237, +8.318,+0.942
1697817720,+3.50,+23.723, +8.244,+0.942
1697818020,+3.50,+24.217, +8.161,+0.942
1697818320,+3.50,+24.763, +8.084,+0.942
1697818620,+3.50,+25.301, +8.011,+0.942
1697818920,+3.50,+25.882, +7.939,+0.943
1697819220,+3.50,+26.465, +7.858,+0.943
1697819520,+3.50,+27.032, +7.784,+0.943
1697819820,+3.50,+27.533, +7.723,+0.943
1697820120,+3.50,+27.916, +7.667,+0.942
1697820420,+3.50,+28.249, +7.634,+0.943
1697820720,+3.49,+28.522, +7.600,+0.942
1697821020,+3.50,+28.728, +7.574,+0.942
1697821320,+3.50,+28.942, +7.572,+0.943
1697821620,+3.50,+29.002, +7.554,+0.943
1697821920,+3.50,+28.873, +7.583,+0.943
1697822220,+3.50,+28.651, +7.621,+0.944
1697822520,+3.50,+28.437, +7.657,+0.942
1697822820,+3.50,+28.275, +7.688,+0.943
1697823120,+3.50,+28.147, +7.705,+0.941
1697823420,+3.50,+27.993, +7.719,+0.944
1697823720,+3.51,+27.754, +7.747,+0.944
1697824020,+3.50,+27.508, +7.790,+0.944
1697824320,+3.50,+27.261, +7.822,+0.944
1697824620,+3.51,+27.015, +7.855,+0.944
1697824920,+3.51,+26.778, +7.891,+0.945
1697825220,+3.51,+26.549, +7.913,+0.944
1697825520,+3.50,+26.338, +7.944,+0.944
1697825820,+3.51,+26.135, +7.977,+0.945
1697826120,+3.51,+25.950, +8.002,+0.945
1697826420,+3.51,+25.781, +8.013,+0.944
1697826720,+3.51,+25.595, +8.044,+0.944
1697827020,+3.51,+25.419, +8.069,+0.945
1697827320,+3.51,+25.284, +8.082,+0.944
1697827620,+3.51,+25.124, +8.113,+0.945
1697827920,+3.51,+25.006, +8.122,+0.944
1697828220,+3.51,+24.880, +8.126,+0.944
1697828520,+3.51,+24.771, +8.146,+0.944
1697828820,+3.51,+24.645, +8.182,+0.945
1697829120,+3.51,+24.544, +8.189,+0.945
1697829420,+3.52,+24.435, +8.197,+0.944
1697829720,+3.51,+24.309, +8.226,+0.945
1697830020,+3.51,+24.209, +8.234,+0.945
1697830320,+3.51,+24.108, +8.255,+0.945
1697830620,+3.51,+24.050, +8.258,+0.945
1697830920,+3.51,+23.941, +8.281,+0.945
1697831220,+3.51,+23.874, +8.279,+0.944
1697831520,+3.51,+23.807, +8.290,+0.945
1697831820,+3.51,+23.731, +8.298,+0.945
1697832120,+3.52,+23.656, +8.309,+0.945
1697832420,+3.52,+23.622, +8.314,+0.945
1697832720,+3.52,+23.564, +8.322,+0.944
1697833020,+3.52,+23.488, +8.327,+0.944
1697833320,+3.52,+23.455, +8.339,+0.945
1697833620,+3.52,+23.421, +8.341,+0.945
1697833920,+3.52,+23.363, +8.343,+0.944
1697834220,+3.52,+23.313, +8.358,+0.945
1697834520,+3.52,+23.279, +8.351,+0.944
1697834820,+3.52,+23.246, +8.354,+0.944
1697835120,+3.51,+23.212, +8.366,+0.944
1697835420,+3.51,+23.154, +8.376,+0.944
1697835720,+3.51,+23.129, +8.382,+0.944
1697836020,+3.51,+23.087, +8.397,+0.945
1697836320,+3.51,+23.053, +8.401,+0.944
1697836620,+3.51,+23.020, +8.397,+0.944
1697836920,+3.51,+22.995, +8.400,+0.944
1697837220,+3.51,+22.945, +8.408,+0.944
1697837520,+3.51,+22.919, +8.414,+0.944
1697837820,+3.52,+22.894, +8.420,+0.945
1697838120,+3.52,+22.869, +8.413,+0.944
1697838420,+3.52,+22.844, +8.441,+0.945
1697838720,+3.52,+22.827, +8.436,+0.945
1697839020,+3.52,+22.786, +8.444,+0.945
1697839320,+3.52,+22.761, +8.436,+0.944
1697839620,+3.52,+22.752, +8.446,+0.945
1697839920,+3.52,+22.710, +8.445,+0.944
1697840220,+3.52,+22.694, +8.457,+0.944
1697840520,+3.52,+22.669, +8.456,+0.944
1697840820,+3.52,+22.644, +8.457,+0.944
1697841120,+3.52,+22.627, +8.463,+0.944
