7450-249209
OS REV: 1.05 Sensor Cal: 1678994209
Time (sec),  BV (Volts),  T (deg C),  DO (mg/l),  Q ()
1697019720,+3.54,+20.487, +9.005,+0.942
1697020020,+3.53,+20.554, +9.013,+0.943
1697020320,+3.54,+20.479, +9.053,+0.945
1697020620,+3.54,+20.379, +9.073,+0.945
1697020920,+3.54,+20.153, +9.111,+0.944
1697021220,+3.53,+19.927, +9.143,+0.944
1697021520,+3.53,+19.676, +9.184,+0.943
1697021820,+3.54,+19.416, +9.236,+0.943
1697022120,+3.54,+19.198, +9.291,+0.944
1697022420,+3.54,+18.988, +9.313,+0.943
1697022720,+3.54,+18.702, +9.375,+0.943
1697023020,+3.54,+18.349, +9.426,+0.942
1697023320,+3.54,+17.861, +9.514,+0.942
1697023620,+3.54,+17.354, +9.603,+0.944
1697023920,+3.54,+16.914, +9.686,+0.944
1697024220,+3.54,+16.498, +9.752,+0.943
1697024520,+3.54,+16.013, +9.850,+0.944
1697024820,+3.54,+15.508, +9.963,+0.944
1697025120,+3.54,+15.071,+10.056,+0.943
1697025420,+3.54,+14.787,+10.156,+0.945
1697025720,+3.54,+14.614,+10.158,+0.944
1697026020,+3.54,+14.441,+10.201,+0.944
1697026320,+3.54,+14.260,+10.266,+0.944
1697026620,+3.54,+14.069,+10.321,+0.944
1697026920,+3.54,+14.025,+10.332,+0.946
1697027220,+3.54,+14.078,+10.332,+0.946
1697027520,+3.54,+14.051,+10.332,+0.946
1697027820,+3.54,+13.999,+10.354,+0.946
1697028120,+3.54,+14.095,+10.635,+0.951
1697028420,+3.54,+14.502,+10.276,+0.950
1697028720,+3.54,+14.735,+10.252,+0.950
1697029020,+3.54,+15.019,+10.267,+0.951
1697029320,+3.53,+17.608, +7.000,+0.948
1697029620,+3.53,+18.467, +5.941,+0.946
1697029920,+3.53,+18.753, +5.366,+0.946
1697030220,+3.53,+18.887, +5.158,+0.945
1697030520,+3.53,+18.929, +5.303,+0.945
1697030820,+3.53,+18.971, +5.545,+0.944
1697031120,+3.54,+19.030, +5.772,+0.945
1697031420,+3.54,+19.064, +5.905,+0.945
1697031720,+3.54,+19.072, +5.910,+0.945
1697032020,+3.53,+19.080, +5.469,+0.945
1697032320,+3.54,+19.064, +5.284,+0.944
1697032620,+3.54,+19.038, +5.340,+0.944
1697032920,+3.53,+19.013, +5.280,+0.944
1697033220,+3.53,+18.980, +5.338,+0.944
1697033520,+3.53,+18.904, +5.172,+0.944
1697033820,+3.53,+18.854, +5.099,+0.944
1697034120,+3.53,+18.828, +5.093,+0.945
1697034420,+3.53,+18.812, +5.126,+0.945
1697034720,+3.53,+18.795, +5.055,+0.945
1697035020,+3.53,+18.786, +4.985,+0.945
1697035320,+3.53,+18.803, +4.936,+0.945
1697035620,+3.53,+18.803, +4.903,+0.944
1697035920,+3.53,+18.837, +4.889,+0.945
1697036220,+3.53,+18.828, +4.904,+0.945
1697036520,+3.53,+18.837, +4.882,+0.944
1697036820,+3.53,+18.845, +4.871,+0.944
1697037120,+3.53,+18.828, +4.889,+0.945
1697037420,+3.53,+18.845, +4.887,+0.944
1697037720,+3.53,+18.854, +4.898,+0.945
1697038020,+3.53,+18.870, +4.894,+0.944
1697038320,+3.53,+18.896, +4.897,+0.945
1697038620,+3.53,+18.904, +4.887,+0.944
1697038920,+3.53,+18.912, +4.887,+0.944
1697039220,+3.53,+18.938, +4.899,+0.945
1697039520,+3.53,+18.929, +4.893,+0.944
1697039820,+3.53,+18.938, +4.825,+0.944
1697040120,+3.53,+18.929, +4.732,+0.944
1697040420,+3.53,+18.946, +4.663,+0.944
1697040720,+3.53,+18.946, +4.760,+0.945
1697041020,+3.53,+18.929, +4.756,+0.945
1697041320,+3.53,+18.946, +4.673,+0.945
1697041620,+3.53,+18.963, +4.611,+0.945
1697041920,+3.53,+18.971, +4.766,+0.945
1697042220,+3.53,+18.963, +4.780,+0.944
1697042520,+3.53,+18.980, +4.760,+0.944
1697042820,+3.53,+19.013, +4.713,+0.945
1697043120,+3.53,+19.072, +4.669,+0.944
1697043420,+3.53,+19.164, +4.826,+0.944
1697043720,+3.53,+19.240, +4.758,+0.945
1697044020,+3.53,+19.382, +5.333,+0.944
1697044320,+3.53,+19.458, +5.520,+0.944
1697044620,+3.53,+19.483, +5.664,+0.944
1697044920,+3.53,+19.248, +5.113,+0.945
1697045220,+3.53,+19.139, +4.819,+0.945
1697045520,+3.53,+19.064, +4.702,+0.944
1697045820,+3.53,+19.022, +4.660,+0.944
1697046120,+3.53,+18.996, +4.613,+0.944
1697046420,+3.53,+18.971, +4.612,+0.945
1697046720,+3.53,+18.963, +4.648,+0.944
1697047020,+3.53,+18.980, +4.711,+0.945
1697047320,+3.53,+18.988, +4.679,+0.944
1697047620,+3.53,+18.971, +4.693,+0.945
1697047920,+3.53,+18.971, +4.791,+0.944
1697048220,+3.53,+19.047, +5.134,+0.945
1697048520,+3.53,+19.240, +5.549,+0.945
1697048820,+3.53,+19.583, +5.829,+0.945
1697049120,+3.52,+19.935, +6.384,+0.945
1697049420,+3.53,+20.086, +6.664,+0.944
1697049720,+3.53,+20.186, +6.850,+0.945
1697050020,+3.53,+20.228, +6.987,+0.945
1697050320,+3.53,+20.270, +7.068,+0.945
1697050620,+3.53,+20.261, +7.091,+0.945
1697050920,+3.53,+20.270, +7.083,+0.945
1697051220,+3.53,+20.261, +7.090,+0.945
1697051520,+3.53,+20.295, +7.048,+0.945
1697051820,+3.53,+20.287, +7.003,+0.945
1697052120,+3.53,+20.337, +7.011,+0.944
1697052420,+3.53,+20.362, +7.083,+0.945
1697052720,+3.53,+20.370, +7.109,+0.945
1697053020,+3.53,+20.353, +7.099,+0.945
1697053320,+3.53,+20.379, +7.103,+0.945
1697053620,+3.53,+20.370, +7.093,+0.945
1697053920,+3.53,+20.379, +7.053,+0.945
1697054220,+3.53,+20.420, +7.015,+0.945
1697054520,+3.53,+20.412, +6.971,+0.944
1697054820,+3.53,+20.429, +6.905,+0.945
1697055120,+3.53,+20.412, +6.922,+0.945
1697055420,+3.53,+20.429, +6.940,+0.945
1697055720,+3.53,+20.454, +6.960,+0.945
1697056020,+3.53,+20.454, +6.934,+0.945
1697056320,+3.53,+20.445, +6.867,+0.945
1697056620,+3.53,+20.454, +6.748,+0.945
1697056920,+3.53,+20.454, +6.704,+0.944
1697057220,+3.53,+20.471, +6.668,+0.944
1697057520,+3.53,+20.487, +6.668,+0.945
1697057820,+3.53,+20.479, +6.707,+0.945
1697058120,+3.53,+20.445, +6.714,+0.945
1697058420,+3.53,+20.429, +6.696,+0.945
1697058720,+3.53,+20.387, +6.773,+0.945
1697059020,+3.53,+20.353, +6.770,+0.944
1697059320,+3.53,+20.362, +6.799,+0.945
1697059620,+3.53,+19.458, +8.360,+0.944
1697059920,+3.53,+19.248, +9.132,+0.943
1697060220,+3.53,+19.131, +9.154,+0.944
1697060520,+3.53,+19.013, +9.181,+0.944
1697060820,+3.53,+18.921, +9.185,+0.943
1697061120,+3.52,+18.828, +9.205,+0.944
1697061420,+3.52,+18.753, +9.215,+0.944
1697061720,+3.52,+18.669, +9.190,+0.944
1697062020,+3.53,+18.442, +9.207,+0.945
1697062320,+3.53,+18.139, +9.277,+0.944
1697062620,+3.53,+17.928, +9.347,+0.944
1697062920,+3.53,+17.869, +9.353,+0.945
1697063220,+3.52,+17.785, +9.339,+0.945
1697063520,+3.53,+17.633, +9.372,+0.945
1697063820,+3.53,+17.456, +9.403,+0.944
1697064120,+3.53,+17.337, +9.416,+0.944
1697064420,+3.53,+17.261, +9.441,+0.945
1697064720,+3.53,+17.227, +9.465,+0.944
1697065020,+3.53,+17.236, +9.463,+0.945
1697065320,+3.53,+17.303, +9.449,+0.944
1697065620,+3.53,+17.447, +9.425,+0.944
1697065920,+3.53,+17.557, +9.400,+0.944
1697066220,+3.52,+17.667, +9.378,+0.944
1697066520,+3.52,+17.768, +9.351,+0.944
1697066820,+3.53,+17.895, +9.332,+0.944
1697067120,+3.53,+18.029, +9.292,+0.943
1697067420,+3.53,+18.206, +9.254,+0.943
1697067720,+3.53,+18.442, +9.213,+0.944
1697068020,+3.52,+18.618, +9.174,+0.944
1697068320,+3.52,+18.828, +9.142,+0.944
1697068620,+3.53,+19.038, +9.089,+0.944
1697068920,+3.53,+19.164, +9.079,+0.944
1697069220,+3.53,+19.290, +9.051,+0.944
1697069520,+3.53,+19.391, +9.038,+0.944
1697069820,+3.52,+19.483, +9.012,+0.943
1697070120,+3.52,+19.558, +8.998,+0.944
1697070420,+3.52,+19.625, +8.977,+0.943
1697070720,+3.52,+19.684, +8.963,+0.943
1697071020,+3.52,+19.726, +8.974,+0.944
1697071320,+3.52,+19.759, +8.969,+0.944
1697071620,+3.52,+19.801, +8.950,+0.943
1697071920,+3.52,+19.810, +8.958,+0.944
1697072220,+3.52,+19.843, +8.939,+0.943
1697072520,+3.52,+19.843, +8.938,+0.943
1697072820,+3.52,+19.860, +8.937,+0.944
1697073120,+3.52,+19.843, +8.939,+0.943
1697073420,+3.52,+19.851, +8.927,+0.943
1697073720,+3.52,+19.843, +8.930,+0.943
1697074020,+3.52,+19.818, +8.926,+0.943
1697074320,+3.52,+19.793, +8.938,+0.944
1697074620,+3.52,+19.784, +8.937,+0.943
1697074920,+3.52,+19.759, +8.951,+0.944
1697075220,+3.52,+19.734, +8.946,+0.944
1697075520,+3.52,+19.709, +8.939,+0.943
1697075820,+3.52,+19.676, +8.948,+0.944
1697076120,+3.52,+19.659, +8.950,+0.944
1697076420,+3.52,+19.608, +8.960,+0.944
1697076720,+3.52,+19.592, +8.952,+0.943
1697077020,+3.52,+19.558, +8.963,+0.944
1697077320,+3.52,+19.500, +8.966,+0.943
1697077620,+3.52,+19.474, +8.971,+0.944
1697077920,+3.52,+19.407, +8.975,+0.943
1697078220,+3.52,+19.399, +8.977,+0.944
1697078520,+3.52,+19.349, +8.989,+0.944
1697078820,+3.52,+19.298, +8.992,+0.944
1697079120,+3.52,+19.256, +9.003,+0.944
1697079420,+3.52,+19.215, +9.011,+0.944
1697079720,+3.52,+19.156, +9.010,+0.944
1697080020,+3.53,+19.131, +9.008,+0.944
1697080320,+3.52,+19.064, +9.020,+0.944
1697080620,+3.53,+19.013, +9.026,+0.944
1697080920,+3.52,+18.971, +9.030,+0.944
1697081220,+3.52,+18.896, +9.044,+0.944
1697081520,+3.52,+18.845, +9.035,+0.943
1697081820,+3.52,+18.786, +9.057,+0.944
1697082120,+3.52,+18.736, +9.059,+0.944
1697082420,+3.52,+18.669, +9.069,+0.944
1697082720,+3.52,+18.635, +9.068,+0.944
1697083020,+3.52,+18.585, +9.075,+0.944
1697083320,+3.52,+18.534, +9.083,+0.944
1697083620,+3.52,+18.476, +9.102,+0.944
1697083920,+3.52,+18.408, +9.106,+0.944
1697084220,+3.52,+18.358, +9.115,+0.944
1697084520,+3.52,+18.324, +9.109,+0.944
1697084820,+3.52,+18.265, +9.120,+0.943
1697085120,+3.52,+18.240, +9.125,+0.944
1697085420,+3.52,+18.189, +9.128,+0.944
1697085720,+3.53,+18.147, +9.125,+0.943
1697086020,+3.53,+18.105, +9.141,+0.944
1697086320,+3.53,+18.046, +9.158,+0.944
1697086620,+3.53,+18.004, +9.150,+0.944
1697086920,+3.53,+17.962, +9.164,+0.944
1697087220,+3.53,+17.911, +9.172,+0.944
1697087520,+3.52,+17.886, +9.172,+0.944
1697087820,+3.52,+17.844, +9.164,+0.944
1697088120,+3.52,+17.810, +9.167,+0.944
1697088420,+3.52,+17.751, +9.181,+0.944
1697088720,+3.52,+17.701, +9.199,+0.945
1697089020,+3.52,+17.684, +9.189,+0.944
1697089320,+3.52,+17.650, +9.202,+0.945
1697089620,+3.52,+17.616, +9.191,+0.944
1697089920,+3.52,+17.582, +9.196,+0.944
1697090220,+3.52,+17.523, +9.202,+0.944
1697090520,+3.52,+17.489, +9.218,+0.944
1697090820,+3.52,+17.447, +9.211,+0.944
1697091120,+3.52,+17.413, +9.222,+0.944
1697091420,+3.52,+17.405, +9.216,+0.944
1697091720,+3.52,+17.371, +9.215,+0.944
1697092020,+3.52,+17.329, +9.222,+0.944
1697092320,+3.52,+17.295, +9.234,+0.944
1697092620,+3.52,+17.253, +9.239,+0.944
1697092920,+3.52,+17.244, +9.238,+0.944
1697093220,+3.52,+17.193, +9.245,+0.944
1697093520,+3.52,+17.176, +9.251,+0.944
1697093820,+3.52,+17.134, +9.257,+0.945
1697094120,+3.52,+17.092, +9.246,+0.944
1697094420,+3.52,+17.083, +9.254,+0.944
1697094720,+3.52,+17.049, +9.262,+0.944
1697095020,+3.53,+17.016, +9.269,+0.944
1697095320,+3.53,+17.007, +9.265,+0.944
1697095620,+3.52,+16.965, +9.267,+0.944
1697095920,+3.53,+16.931, +9.284,+0.945
1697096220,+3.53,+16.922, +9.263,+0.944
1697096520,+3.53,+16.871, +9.291,+0.945
1697096820,+3.52,+16.838, +9.279,+0.944
1697097120,+3.52,+16.804, +9.292,+0.944
1697097420,+3.52,+16.804, +9.290,+0.945
1697097720,+3.52,+16.753, +9.296,+0.944
1697098020,+3.52,+16.727, +9.293,+0.944
1697098320,+3.52,+16.702, +9.302,+0.945
1697098620,+3.52,+16.676, +9.304,+0.945
1697098920,+3.52,+16.642, +9.309,+0.945
1697099220,+3.52,+16.625, +9.307,+0.944
1697099520,+3.52,+16.600, +9.305,+0.944
1697099820,+3.52,+16.540, +9.321,+0.944
1697100120,+3.52,+16.515, +9.321,+0.944
1697100420,+3.52,+16.489, +9.311,+0.944
1697100720,+3.52,+16.455, +9.327,+0.944
1697101020,+3.52,+16.421, +9.337,+0.945
1697101320,+3.52,+16.404, +9.345,+0.945
1697101620,+3.52,+16.362, +9.336,+0.944
1697101920,+3.52,+16.336, +9.333,+0.944
1697102220,+3.52,+16.311, +9.344,+0.944
1697102520,+3.52,+16.285, +9.350,+0.944
1697102820,+3.52,+16.260, +9.357,+0.945
1697103120,+3.52,+16.251, +9.351,+0.944
1697103420,+3.52,+16.209, +9.352,+0.944
1697103720,+3.52,+16.209, +9.359,+0.944
1697104020,+3.52,+16.192, +9.348,+0.944
1697104320,+3.52,+16.183, +9.352,+0.944
1697104620,+3.52,+16.157, +9.367,+0.945
1697104920,+3.52,+16.157, +9.363,+0.945
1697105220,+3.52,+16.140, +9.363,+0.945
1697105520,+3.52,+16.123, +9.354,+0.944
1697105820,+3.52,+16.115, +9.361,+0.945
1697106120,+3.52,+16.098, +9.357,+0.944
