7450-334927
OS REV: 1.05 Sensor Cal: 1679088857
Time (sec),  BV (Volts),  T (deg C),  DO (mg/l),  Q ()
1697661240,+3.52,+16.790, +9.402,+0.944
1697661540,+3.51,+16.688, +9.401,+0.943
1697661840,+3.51,+16.629, +9.416,+0.943
1697662140,+3.51,+16.587, +9.424,+0.944
1697662440,+3.51,+16.578, +9.418,+0.943
1697662740,+3.51,+16.527, +9.423,+0.943
1697663040,+3.51,+16.485, +9.441,+0.944
1697663340,+3.51,+16.425, +9.437,+0.943
1697663640,+3.51,+16.374, +9.446,+0.943
1697663940,+3.51,+16.408, +9.466,+0.944
1697664240,+3.51,+16.459, +9.445,+0.943
1697664540,+3.51,+16.391, +9.470,+0.943
1697664840,+3.52,+16.281, +9.496,+0.943
1697665140,+3.52,+16.161, +9.522,+0.943
1697665440,+3.52,+16.059, +9.558,+0.944
1697665740,+3.52,+15.940, +9.570,+0.944
1697666040,+3.52,+15.863, +9.592,+0.944
1697666340,+3.52,+15.778, +9.602,+0.943
1697666640,+3.52,+15.726, +9.614,+0.944
1697666940,+3.52,+15.675, +9.627,+0.944
1697667240,+3.52,+15.684, +9.605,+0.943
1697667540,+3.52,+15.666, +9.620,+0.944
1697667840,+3.51,+15.615, +9.644,+0.944
1697668140,+3.51,+15.564, +9.658,+0.944
1697668440,+3.51,+15.615, +9.641,+0.944
1697668740,+3.52,+15.837, +9.584,+0.944
1697669040,+3.52,+15.965, +9.550,+0.943
1697669340,+3.52,+16.102, +9.506,+0.944
1697669640,+3.52,+16.255, +9.462,+0.944
1697669940,+3.51,+16.459, +9.426,+0.943
1697670240,+3.51,+16.680, +9.380,+0.943
1697670540,+3.52,+16.875, +9.343,+0.943
1697670840,+3.51,+17.129, +9.270,+0.943
1697671140,+3.51,+17.408, +9.210,+0.942
1697671440,+3.51,+17.687, +9.166,+0.943
1697671740,+3.51,+18.007, +9.110,+0.943
1697672040,+3.51,+18.294, +9.041,+0.942
1697672340,+3.51,+18.554, +9.009,+0.943
1697672640,+3.51,+18.773, +8.960,+0.943
1697672940,+3.51,+18.974, +8.914,+0.942
1697673240,+3.51,+19.159, +8.886,+0.942
1697673540,+3.51,+19.293, +8.868,+0.943
1697673840,+3.51,+19.436, +8.835,+0.942
1697674140,+3.51,+19.536, +8.817,+0.942
1697674440,+3.51,+19.628, +8.814,+0.943
1697674740,+3.51,+19.704, +8.802,+0.943
1697675040,+3.51,+19.762, +8.794,+0.943
1697675340,+3.51,+19.796, +8.775,+0.942
1697675640,+3.51,+19.829, +8.776,+0.943
1697675940,+3.51,+19.838, +8.773,+0.942
1697676240,+3.51,+19.871, +8.773,+0.943
1697676540,+3.51,+19.854, +8.771,+0.943
1697676840,+3.51,+19.838, +8.776,+0.943
1697677140,+3.51,+19.813, +8.782,+0.943
1697677440,+3.51,+19.804, +8.777,+0.942
1697677740,+3.51,+19.762, +8.802,+0.944
1697678040,+3.51,+19.737, +8.798,+0.943
1697678340,+3.51,+19.670, +8.803,+0.942
1697678640,+3.51,+19.637, +8.812,+0.943
1697678940,+3.51,+19.578, +8.826,+0.943
1697679240,+3.51,+19.494, +8.834,+0.942
1697679540,+3.51,+19.461, +8.843,+0.943
1697679840,+3.51,+19.394, +8.858,+0.943
1697680140,+3.51,+19.327, +8.863,+0.943
1697680440,+3.51,+19.243, +8.884,+0.943
1697680740,+3.51,+19.176, +8.893,+0.943
1697681040,+3.51,+19.109, +8.893,+0.942
1697681340,+3.51,+19.041, +8.912,+0.943
1697681640,+3.51,+18.966, +8.916,+0.943
1697681940,+3.51,+18.882, +8.937,+0.943
1697682240,+3.51,+18.815, +8.951,+0.943
1697682540,+3.51,+18.731, +8.965,+0.943
1697682840,+3.51,+18.638, +8.984,+0.943
1697683140,+3.51,+18.563, +8.999,+0.944
1697683440,+3.51,+18.470, +9.012,+0.943
1697683740,+3.51,+18.369, +9.031,+0.943
1697684040,+3.51,+18.294, +9.046,+0.943
1697684340,+3.51,+18.184, +9.062,+0.943
1697684640,+3.51,+18.108, +9.068,+0.943
1697684940,+3.51,+18.007, +9.093,+0.943
1697685240,+3.51,+17.898, +9.115,+0.944
1697685540,+3.51,+17.788, +9.128,+0.943
1697685840,+3.51,+17.687, +9.157,+0.944
1697686140,+3.51,+17.577, +9.165,+0.943
1697686440,+3.51,+17.493, +9.192,+0.944
1697686740,+3.51,+17.374, +9.205,+0.944
1697687040,+3.51,+17.281, +9.226,+0.944
1697687340,+3.51,+17.155, +9.258,+0.944
1697687640,+3.51,+17.070, +9.262,+0.944
1697687940,+3.52,+16.951, +9.281,+0.944
1697688240,+3.52,+16.850, +9.297,+0.944
1697688540,+3.51,+16.748, +9.320,+0.944
1697688840,+3.51,+16.655, +9.329,+0.943
1697689140,+3.51,+16.544, +9.351,+0.943
1697689440,+3.51,+16.417, +9.387,+0.944
1697689740,+3.51,+16.332, +9.389,+0.944
1697690040,+3.51,+16.238, +9.415,+0.944
1697690340,+3.51,+16.102, +9.441,+0.944
1697690640,+3.52,+15.982, +9.476,+0.945
1697690940,+3.52,+15.889, +9.485,+0.944
1697691240,+3.52,+15.769, +9.504,+0.944
1697691540,+3.51,+15.666, +9.535,+0.945
1697691840,+3.51,+15.538, +9.555,+0.944
1697692140,+3.51,+15.435, +9.573,+0.944
1697692440,+3.51,+15.333, +9.594,+0.945
1697692740,+3.51,+15.221, +9.607,+0.944
1697693040,+3.51,+15.110, +9.626,+0.944
1697693340,+3.52,+14.981, +9.660,+0.944
1697693640,+3.52,+14.895, +9.677,+0.944
1697693940,+3.52,+14.783, +9.694,+0.944
1697694240,+3.52,+14.671, +9.733,+0.945
1697694540,+3.51,+14.559, +9.752,+0.945
1697694840,+3.51,+14.464, +9.771,+0.945
1697695140,+3.51,+14.369, +9.781,+0.944
1697695440,+3.51,+14.273, +9.810,+0.945
1697695740,+3.51,+14.169, +9.829,+0.945
1697696040,+3.51,+14.065, +9.844,+0.945
1697696340,+3.51,+13.961, +9.866,+0.944
1697696640,+3.52,+13.866, +9.881,+0.944
1697696940,+3.52,+13.761, +9.920,+0.945
1697697240,+3.52,+13.666, +9.935,+0.945
1697697540,+3.52,+13.561, +9.956,+0.945
1697697840,+3.51,+13.465, +9.980,+0.945
1697698140,+3.51,+13.378, +9.991,+0.945
1697698440,+3.51,+13.290,+10.000,+0.945
1697698740,+3.51,+13.194,+10.020,+0.945
1697699040,+3.51,+13.115,+10.042,+0.945
1697699340,+3.51,+13.001,+10.071,+0.945
1697699640,+3.52,+12.922,+10.086,+0.945
1697699940,+3.52,+12.808,+10.115,+0.945
1697700240,+3.52,+12.747,+10.121,+0.945
1697700540,+3.52,+12.650,+10.153,+0.946
1697700840,+3.52,+12.553,+10.174,+0.946
1697701140,+3.52,+12.482,+10.185,+0.946
1697701440,+3.51,+12.403,+10.194,+0.945
1697701740,+3.51,+12.323,+10.219,+0.946
1697702040,+3.51,+12.235,+10.227,+0.945
1697702340,+3.51,+12.146,+10.256,+0.946
1697702640,+3.51,+12.048,+10.284,+0.946
1697702940,+3.51,+11.942,+10.308,+0.946
1697703240,+3.51,+11.889,+10.314,+0.946
1697703540,+3.51,+11.817,+10.327,+0.946
1697703840,+3.52,+11.710,+10.355,+0.946
1697704140,+3.52,+11.630,+10.369,+0.946
1697704440,+3.52,+11.568,+10.381,+0.946
1697704740,+3.52,+11.487,+10.405,+0.946
1697705040,+3.52,+11.398,+10.430,+0.947
1697705340,+3.52,+11.317,+10.445,+0.946
1697705640,+3.51,+11.254,+10.467,+0.947
1697705940,+3.51,+11.200,+10.475,+0.947
1697706240,+3.51,+11.111,+10.490,+0.946
1697706540,+3.51,+11.039,+10.523,+0.947
1697706840,+3.51,+10.994,+10.522,+0.947
1697707140,+3.51,+10.922,+10.531,+0.946
1697707440,+3.51,+10.849,+10.554,+0.947
1697707740,+3.51,+10.795,+10.574,+0.947
1697708040,+3.51,+10.732,+10.590,+0.947
1697708340,+3.51,+10.678,+10.597,+0.947
1697708640,+3.51,+10.605,+10.607,+0.947
1697708940,+3.51,+10.578,+10.615,+0.947
1697709240,+3.51,+10.497,+10.643,+0.947
1697709540,+3.52,+10.424,+10.652,+0.947
1697709840,+3.51,+10.351,+10.678,+0.947
1697710140,+3.52,+10.315,+10.690,+0.948
1697710440,+3.52,+10.251,+10.699,+0.947
1697710740,+3.52,+10.215,+10.704,+0.947
1697711040,+3.52,+10.179,+10.712,+0.947
1697711340,+3.51,+10.115,+10.723,+0.947
1697711640,+3.51,+10.051,+10.751,+0.948
1697711940,+3.51, +9.996,+10.758,+0.947
1697712240,+3.51, +9.960,+10.767,+0.948
1697712540,+3.51, +9.896,+10.788,+0.948
1697712840,+3.51, +9.859,+10.792,+0.948
1697713140,+3.51, +9.831,+10.789,+0.947
1697713440,+3.51, +9.786,+10.806,+0.948
1697713740,+3.51, +9.749,+10.815,+0.948
1697714040,+3.51, +9.731,+10.798,+0.947
1697714340,+3.51, +9.685,+10.822,+0.948
1697714640,+3.51, +9.620,+10.854,+0.948
1697714940,+3.51, +9.584,+10.856,+0.948
1697715240,+3.51, +9.565,+10.851,+0.948
1697715540,+3.51, +9.501,+10.876,+0.947
1697715840,+3.51, +9.492,+10.876,+0.947
1697716140,+3.51, +9.446,+10.889,+0.947
1697716440,+3.51, +9.427,+10.882,+0.946
1697716740,+3.51, +9.399,+10.894,+0.947
1697717040,+3.51, +9.390,+10.889,+0.947
1697717340,+3.51, +9.390,+10.891,+0.946
1697717640,+3.51, +9.399,+10.893,+0.947
1697717940,+3.51, +9.381,+10.892,+0.946
1697718240,+3.51, +9.381,+10.889,+0.946
1697718540,+3.51, +9.418,+10.880,+0.947
1697718840,+3.51, +9.427,+10.880,+0.947
1697719140,+3.51, +9.473,+10.857,+0.946
1697719440,+3.51, +9.501,+10.848,+0.946
1697719740,+3.51, +9.538,+10.826,+0.946
1697720040,+3.51, +9.565,+10.833,+0.947
1697720340,+3.51, +9.602,+10.819,+0.946
1697720640,+3.51, +9.639,+10.802,+0.946
1697720940,+3.51, +9.685,+10.793,+0.946
1697721240,+3.51, +9.721,+10.790,+0.946
1697721540,+3.51, +9.786,+10.774,+0.946
1697721840,+3.51, +9.841,+10.746,+0.946
1697722140,+3.51, +9.868,+10.738,+0.946
1697722440,+3.50, +9.950,+10.712,+0.946
1697722740,+3.50,+10.023,+10.694,+0.946
1697723040,+3.51,+10.060,+10.695,+0.946
1697723340,+3.51,+10.133,+10.675,+0.946
1697723640,+3.51,+10.215,+10.638,+0.945
1697723940,+3.51,+10.297,+10.606,+0.945
1697724240,+3.51,+10.361,+10.607,+0.945
1697724540,+3.51,+10.460,+10.579,+0.946
1697724840,+3.51,+10.569,+10.544,+0.945
1697725140,+3.51,+10.642,+10.530,+0.945
1697725440,+3.50,+10.768,+10.486,+0.945
1697725740,+3.50,+10.877,+10.460,+0.945
1697726040,+3.50,+10.994,+10.439,+0.945
1697726340,+3.50,+11.129,+10.390,+0.944
1697726640,+3.51,+11.272,+10.357,+0.944
1697726940,+3.51,+11.398,+10.310,+0.943
1697727240,+3.51,+11.559,+10.278,+0.944
1697727540,+3.51,+11.719,+10.240,+0.944
1697727840,+3.50,+11.897,+10.168,+0.943
1697728140,+3.50,+12.119,+10.108,+0.943
1697728440,+3.50,+12.332,+10.069,+0.944
1697728740,+3.51,+12.509,+10.022,+0.943
1697729040,+3.51,+12.667, +9.989,+0.943
1697729340,+3.50,+12.887, +9.924,+0.943
1697729640,+3.50,+13.089, +9.921,+0.943
1697729940,+3.50,+13.308, +9.871,+0.943
1697730240,+3.50,+13.561, +9.800,+0.942
1697730540,+3.50,+13.770, +9.759,+0.942
1697730840,+3.50,+13.979, +9.709,+0.942
1697731140,+3.50,+14.256, +9.651,+0.941
1697731440,+3.50,+14.740, +9.547,+0.942
1697731740,+3.50,+15.127, +9.465,+0.942
1697732040,+3.50,+15.427, +9.392,+0.941
1697732340,+3.50,+15.709, +9.352,+0.941
1697732640,+3.50,+15.974, +9.297,+0.941
1697732940,+3.50,+16.221, +9.243,+0.941
1697733240,+3.50,+16.442, +9.201,+0.941
1697733540,+3.49,+16.680, +9.146,+0.940
1697733840,+3.50,+16.867, +9.132,+0.942
1697734140,+3.50,+17.061, +9.084,+0.941
1697734440,+3.50,+17.214, +9.061,+0.941
1697734740,+3.50,+17.383, +9.023,+0.941
1697735040,+3.50,+17.560, +8.986,+0.941
1697735340,+3.49,+17.712, +8.959,+0.941
1697735640,+3.50,+17.856, +8.933,+0.941
1697735940,+3.50,+18.007, +8.903,+0.941
1697736240,+3.50,+18.134, +8.885,+0.941
1697736540,+3.50,+18.268, +8.859,+0.941
1697736840,+3.50,+18.395, +8.836,+0.941
1697737140,+3.50,+18.537, +8.811,+0.941
1697737440,+3.49,+18.664, +8.784,+0.940
1697737740,+3.49,+18.790, +8.767,+0.941
1697738040,+3.49,+18.899, +8.749,+0.941
1697738340,+3.50,+19.008, +8.735,+0.941
1697738640,+3.50,+19.117, +8.582,+0.941
1697738940,+3.50,+19.259, +8.717,+0.941
1697739240,+3.50,+19.360, +8.693,+0.941
1697739540,+3.50,+19.444, +8.693,+0.941
1697739840,+3.50,+19.519, +8.670,+0.941
1697740140,+3.49,+19.595, +8.672,+0.941
1697740440,+3.49,+19.687, +8.640,+0.941
1697740740,+3.49,+19.771, +8.638,+0.941
1697741040,+3.49,+19.804, +8.632,+0.941
1697741340,+3.49,+19.880, +8.628,+0.941
1697741640,+3.49,+19.938, +8.610,+0.941
1697741940,+3.50,+20.014, +8.589,+0.941
1697742240,+3.50,+20.147, +8.568,+0.941
1697742540,+3.50,+20.557, +8.493,+0.941
1697742840,+3.49,+21.026, +8.424,+0.941
1697743140,+3.50,+21.452, +8.351,+0.941
1697743440,+3.49,+21.728, +8.306,+0.941
1697743740,+3.49,+21.962, +8.269,+0.941
1697744040,+3.49,+22.171, +8.234,+0.941
1697744340,+3.50,+22.388, +8.190,+0.941
1697744640,+3.50,+22.572, +8.166,+0.941
1697744940,+3.49,+22.765, +8.136,+0.942
1697745240,+3.49,+22.915, +8.115,+0.942
1697745540,+3.49,+23.049, +8.080,+0.941
1697745840,+3.49,+23.208, +8.054,+0.941
1697746140,+3.50,+23.317, +8.033,+0.941
1697746440,+3.50,+23.476, +8.015,+0.941
1697746740,+3.50,+23.619, +7.979,+0.941
1697747040,+3.50,+23.703, +7.980,+0.942
1697747340,+3.49,+23.812, +7.963,+0.942
1697747640,+3.49,+23.904, +7.952,+0.942
