7450-458163
OS REV: 1.05 Sensor Cal: 1679088563
Time (sec),  BV (Volts),  T (deg C),  DO (mg/l),  Q ()
1698268140,+3.53,+21.452, +8.653,+0.935
1698268440,+3.53,+21.444, +8.652,+0.935
1698268740,+3.53,+21.427, +8.659,+0.935
1698269040,+3.53,+21.435, +8.653,+0.934
1698269340,+3.53,+21.452, +8.656,+0.935
1698269640,+3.53,+21.419, +8.659,+0.935
1698269940,+3.53,+21.419, +8.672,+0.935
1698270240,+3.53,+21.435, +8.667,+0.935
1698270540,+3.53,+21.419, +8.664,+0.935
1698270840,+3.53,+21.419, +8.672,+0.935
1698271140,+3.53,+21.452, +8.653,+0.935
1698271440,+3.53,+21.419, +8.668,+0.935
1698271740,+3.53,+21.435, +8.666,+0.935
1698272040,+3.53,+21.427, +8.659,+0.935
1698272340,+3.53,+21.452, +8.659,+0.935
1698272640,+3.53,+21.427, +8.658,+0.935
1698272940,+3.53,+21.435, +8.658,+0.935
1698273240,+3.53,+21.419, +8.668,+0.935
1698273540,+3.53,+21.419, +8.675,+0.936
1698273840,+3.53,+21.419, +8.672,+0.935
1698274140,+3.53,+21.419, +8.664,+0.935
1698274440,+3.53,+21.427, +8.664,+0.935
1698274740,+3.53,+21.385, +8.679,+0.935
1698275040,+3.53,+21.410, +8.672,+0.935
1698275340,+3.53,+21.402, +8.678,+0.935
1698275640,+3.53,+21.402, +8.668,+0.935
1698275940,+3.53,+21.410, +8.676,+0.935
1698276240,+3.53,+21.410, +8.668,+0.935
1698276540,+3.53,+21.385, +8.683,+0.935
1698276840,+3.53,+21.394, +8.677,+0.935
1698277140,+3.53,+21.385, +8.673,+0.935
1698277440,+3.53,+21.394, +8.670,+0.934
1698277740,+3.53,+21.402, +8.679,+0.935
1698278040,+3.53,+21.402, +8.677,+0.935
1698278340,+3.53,+21.385, +8.685,+0.935
1698278640,+3.53,+21.402, +8.670,+0.935
1698278940,+3.53,+21.402, +8.680,+0.935
1698279240,+3.53,+21.410, +8.681,+0.935
1698279540,+3.53,+21.444, +8.664,+0.935
1698279840,+3.53,+21.402, +8.673,+0.935
1698280140,+3.53,+21.402, +8.669,+0.935
1698280440,+3.53,+21.402, +8.673,+0.935
1698280740,+3.53,+21.394, +8.679,+0.935
1698281040,+3.53,+21.419, +8.665,+0.935
1698281340,+3.53,+21.402, +8.674,+0.935
1698281640,+3.53,+21.410, +8.660,+0.934
1698281940,+3.53,+21.410, +8.671,+0.935
1698282240,+3.53,+21.377, +8.676,+0.935
1698282540,+3.53,+21.410, +8.677,+0.935
1698282840,+3.53,+21.394, +8.687,+0.935
1698283140,+3.53,+21.394, +8.684,+0.935
1698283440,+3.53,+21.394, +8.673,+0.935
1698283740,+3.53,+21.402, +8.675,+0.935
1698284040,+3.53,+21.385, +8.682,+0.935
1698284340,+3.53,+21.402, +8.689,+0.936
1698284640,+3.53,+21.394, +8.675,+0.935
1698284940,+3.53,+21.394, +8.683,+0.935
1698285240,+3.53,+21.402, +8.682,+0.935
1698285540,+3.53,+21.394, +8.695,+0.936
1698285840,+3.53,+21.402, +8.681,+0.935
1698286140,+3.53,+21.394, +8.679,+0.935
1698286440,+3.53,+21.394, +8.692,+0.935
1698286740,+3.53,+21.410, +8.686,+0.935
1698287040,+3.53,+21.368, +8.704,+0.936
1698287340,+3.53,+21.394, +8.692,+0.935
1698287640,+3.53,+21.402, +8.681,+0.935
1698287940,+3.53,+21.402, +8.681,+0.935
1698288240,+3.53,+21.402, +8.684,+0.935
1698288540,+3.53,+21.394, +8.692,+0.935
1698288840,+3.53,+21.394, +8.683,+0.935
1698289140,+3.53,+21.394, +8.694,+0.935
1698289440,+3.53,+21.410, +8.674,+0.934
1698289740,+3.53,+21.419, +8.676,+0.935
1698290040,+3.53,+21.419, +8.680,+0.935
1698290340,+3.53,+21.427, +8.678,+0.935
1698290640,+3.53,+21.435, +8.679,+0.935
1698290940,+3.53,+21.410, +8.695,+0.935
1698291240,+3.53,+21.410, +8.690,+0.935
1698291540,+3.53,+21.444, +8.685,+0.935
1698291840,+3.53,+21.435, +8.684,+0.935
1698292140,+3.53,+21.444, +8.692,+0.936
1698292440,+3.53,+21.427, +8.683,+0.935
1698292740,+3.53,+21.444, +8.681,+0.935
1698293040,+3.53,+21.444, +8.691,+0.935
1698293340,+3.53,+21.435, +8.685,+0.935
1698293640,+3.53,+21.444, +8.688,+0.935
1698293940,+3.53,+21.435, +8.691,+0.935
1698294240,+3.53,+21.427, +8.694,+0.935
1698294540,+3.53,+21.444, +8.694,+0.935
1698294840,+3.53,+21.444, +8.693,+0.935
1698295140,+3.53,+21.444, +8.699,+0.935
1698295440,+3.53,+21.435, +8.698,+0.935
1698295740,+3.53,+21.444, +8.698,+0.935
1698296040,+3.53,+21.469, +8.697,+0.935
1698296340,+3.53,+21.460, +8.701,+0.935
1698296640,+3.53,+21.444, +8.708,+0.936
1698296940,+3.53,+21.435, +8.711,+0.935
1698297240,+3.53,+21.435, +8.702,+0.935
1698297540,+3.53,+21.427, +8.706,+0.935
1698297840,+3.53,+21.435, +8.709,+0.935
1698298140,+3.53,+21.427, +8.707,+0.935
1698298440,+3.53,+21.435, +8.706,+0.935
1698298740,+3.53,+21.444, +8.713,+0.935
1698299040,+3.53,+21.444, +8.710,+0.935
1698299340,+3.53,+21.435, +8.716,+0.935
1698299640,+3.53,+21.460, +8.713,+0.935
1698299940,+3.53,+21.444, +8.726,+0.935
1698300240,+3.53,+21.419, +8.732,+0.936
1698300540,+3.53,+21.435, +8.715,+0.935
1698300840,+3.53,+21.435, +8.731,+0.935
1698301140,+3.53,+21.435, +8.731,+0.935
1698301440,+3.53,+21.419, +8.731,+0.935
1698301740,+3.53,+21.452, +8.727,+0.935
1698302040,+3.53,+21.444, +8.731,+0.935
1698302340,+3.53,+21.460, +8.732,+0.935
1698302640,+3.53,+21.444, +8.730,+0.935
1698302940,+3.53,+21.452, +8.722,+0.934
1698303240,+3.53,+21.444, +8.733,+0.935
1698303540,+3.53,+21.427, +8.742,+0.935
1698303840,+3.53,+21.419, +8.740,+0.935
1698304140,+3.53,+21.435, +8.737,+0.935
1698304440,+3.53,+21.444, +8.745,+0.935
1698304740,+3.53,+21.444, +8.738,+0.935
1698305040,+3.53,+21.435, +8.748,+0.935
1698305340,+3.53,+21.427, +8.758,+0.935
1698305640,+3.53,+21.460, +8.738,+0.935
1698305940,+3.53,+21.444, +8.745,+0.935
1698306240,+3.53,+21.460, +8.743,+0.935
1698306540,+3.53,+21.452, +8.742,+0.935
1698306840,+3.53,+21.452, +8.740,+0.935
1698307140,+3.53,+21.452, +8.748,+0.935
1698307440,+3.53,+21.444, +8.752,+0.935
1698307740,+3.53,+21.444, +8.742,+0.934
1698308040,+3.53,+21.444, +8.746,+0.934
1698308340,+3.53,+21.444, +8.760,+0.935
1698308640,+3.53,+21.427, +8.761,+0.935
1698308940,+3.53,+21.444, +8.753,+0.935
1698309240,+3.53,+21.435, +8.759,+0.935
1698309540,+3.53,+21.452, +8.759,+0.935
1698309840,+3.53,+21.452, +8.764,+0.935
1698310140,+3.53,+21.435, +8.766,+0.935
1698310440,+3.53,+21.435, +8.772,+0.936
1698310740,+3.53,+21.452, +8.759,+0.935
1698311040,+3.53,+21.435, +8.755,+0.935
1698311340,+3.53,+21.452, +8.752,+0.935
1698311640,+3.53,+21.435, +8.767,+0.935
1698311940,+3.53,+21.444, +8.761,+0.935
1698312240,+3.53,+21.452, +8.758,+0.935
1698312540,+3.53,+21.444, +8.755,+0.935
1698312840,+3.53,+21.452, +8.764,+0.935
1698313140,+3.53,+21.452, +8.770,+0.936
1698313440,+3.53,+21.419, +8.768,+0.935
1698313740,+3.53,+21.444, +8.765,+0.935
1698314040,+3.53,+21.427, +8.768,+0.935
1698314340,+3.53,+21.427, +8.771,+0.935
1698314640,+3.53,+21.444, +8.766,+0.935
1698314940,+3.53,+21.460, +8.764,+0.935
1698315240,+3.53,+21.444, +8.764,+0.935
1698315540,+3.53,+21.419, +8.782,+0.935
1698315840,+3.53,+21.427, +8.764,+0.934
1698316140,+3.53,+21.444, +8.770,+0.935
1698316440,+3.53,+21.419, +8.778,+0.935
1698316740,+3.53,+21.435, +8.768,+0.935
1698317040,+3.53,+21.435, +8.773,+0.935
1698317340,+3.53,+21.427, +8.780,+0.935
1698317640,+3.53,+21.435, +8.770,+0.935
1698317940,+3.53,+21.419, +8.785,+0.935
1698318240,+3.53,+21.419, +8.776,+0.935
1698318540,+3.53,+21.427, +8.790,+0.936
1698318840,+3.53,+21.435, +8.788,+0.936
1698319140,+3.53,+21.419, +8.780,+0.935
1698319440,+3.53,+21.427, +8.778,+0.935
1698319740,+3.53,+21.402, +8.792,+0.935
1698320040,+3.53,+21.419, +8.786,+0.935
1698320340,+3.53,+21.410, +8.793,+0.936
1698320640,+3.53,+21.410, +8.777,+0.935
1698320940,+3.53,+21.435, +8.789,+0.936
1698321240,+3.53,+21.427, +8.797,+0.936
1698321540,+3.53,+21.427, +8.772,+0.934
1698321840,+3.53,+21.419, +8.791,+0.935
1698322140,+3.53,+21.419, +8.786,+0.935
1698322440,+3.53,+21.410, +8.794,+0.935
1698322740,+3.53,+21.427, +8.781,+0.935
1698323040,+3.53,+21.427, +8.785,+0.935
1698323340,+3.53,+21.435, +8.783,+0.935
1698323640,+3.53,+21.452, +8.781,+0.935
1698323940,+3.53,+21.435, +8.783,+0.935
1698324240,+3.53,+21.444, +8.796,+0.936
1698324540,+3.53,+21.435, +8.790,+0.935
1698324840,+3.53,+21.435, +8.789,+0.935
1698325140,+3.53,+21.435, +8.787,+0.935
1698325440,+3.53,+21.435, +8.786,+0.935
1698325740,+3.53,+21.452, +8.779,+0.935
1698326040,+3.53,+21.452, +8.778,+0.935
1698326340,+3.53,+21.452, +8.780,+0.935
1698326640,+3.53,+21.486, +8.769,+0.935
1698326940,+3.53,+21.460, +8.781,+0.935
1698327240,+3.53,+21.477, +8.773,+0.935
1698327540,+3.53,+21.477, +8.788,+0.935
1698327840,+3.53,+21.486, +8.769,+0.935
1698328140,+3.53,+21.502, +8.777,+0.935
1698328440,+3.53,+21.486, +8.771,+0.935
1698328740,+3.53,+21.502, +8.762,+0.935
1698329040,+3.53,+21.502, +8.749,+0.935
1698329340,+3.53,+21.502, +8.749,+0.935
1698329640,+3.53,+21.502, +8.748,+0.935
1698329940,+3.53,+21.536, +8.734,+0.935
1698330240,+3.53,+21.536, +8.738,+0.935
1698330540,+3.53,+21.527, +8.748,+0.935
1698330840,+3.53,+21.552, +8.747,+0.936
1698331140,+3.53,+21.552, +8.745,+0.935
1698331440,+3.53,+21.527, +8.752,+0.935
1698331740,+3.53,+21.578, +8.739,+0.935
1698332040,+3.53,+21.552, +8.746,+0.935
1698332340,+3.53,+21.578, +8.735,+0.935
1698332640,+3.53,+21.561, +8.731,+0.935
1698332940,+3.53,+21.578, +8.737,+0.935
1698333240,+3.53,+21.569, +8.735,+0.935
1698333540,+3.53,+21.586, +8.731,+0.935
1698333840,+3.53,+21.586, +8.730,+0.935
1698334140,+3.53,+21.569, +8.731,+0.935
1698334440,+3.53,+21.586, +8.736,+0.935
1698334740,+3.53,+21.569, +8.746,+0.935
1698335040,+3.53,+21.586, +8.729,+0.935
1698335340,+3.53,+21.578, +8.728,+0.935
1698335640,+3.53,+21.603, +8.717,+0.935
1698335940,+3.53,+21.594, +8.713,+0.935
1698336240,+3.53,+21.586, +8.725,+0.936
1698336540,+3.53,+21.594, +8.719,+0.935
1698336840,+3.53,+21.586, +8.710,+0.935
1698337140,+3.53,+21.594, +8.694,+0.934
1698337440,+3.53,+21.611, +8.703,+0.935
1698337740,+3.53,+21.603, +8.708,+0.935
1698338040,+3.53,+21.594, +8.708,+0.935
1698338340,+3.53,+21.611, +8.707,+0.935
1698338640,+3.53,+21.611, +8.712,+0.935
1698338940,+3.53,+21.611, +8.708,+0.935
1698339240,+3.53,+21.603, +8.700,+0.935
1698339540,+3.53,+21.611, +8.701,+0.935
1698339840,+3.53,+21.611, +8.703,+0.935
1698340140,+3.53,+21.586, +8.710,+0.935
1698340440,+3.53,+21.611, +8.721,+0.936
1698340740,+3.53,+21.644, +8.708,+0.935
1698341040,+3.53,+21.644, +8.702,+0.935
1698341340,+3.53,+21.644, +8.704,+0.935
1698341640,+3.53,+21.644, +8.699,+0.935
1698341940,+3.53,+21.661, +8.692,+0.935
1698342240,+3.53,+21.653, +8.706,+0.935
1698342540,+3.53,+21.653, +8.704,+0.935
1698342840,+3.53,+21.670, +8.698,+0.935
1698343140,+3.53,+21.678, +8.705,+0.935
1698343440,+3.53,+21.686, +8.694,+0.935
1698343740,+3.53,+21.711, +8.688,+0.935
1698344040,+3.53,+21.720, +8.689,+0.935
1698344340,+3.53,+21.695, +8.699,+0.935
1698344640,+3.53,+21.728, +8.686,+0.935
1698344940,+3.53,+21.720, +8.698,+0.936
1698345240,+3.53,+21.736, +8.692,+0.935
1698345540,+3.53,+21.745, +8.683,+0.935
1698345840,+3.53,+21.728, +8.692,+0.935
1698346140,+3.53,+21.761, +8.671,+0.934
1698346440,+3.53,+21.736, +8.691,+0.935
1698346740,+3.53,+21.293, +8.766,+0.935
1698347040,+3.53,+21.042, +8.806,+0.935
1698347340,+3.53,+20.900, +8.816,+0.935
1698347640,+3.53,+20.774, +8.842,+0.935
1698347940,+3.53,+20.699, +8.862,+0.935
1698348240,+3.53,+20.607, +8.865,+0.935
1698348540,+3.53,+20.515, +8.882,+0.935
1698348840,+3.53,+20.482, +8.881,+0.935
1698349140,+3.53,+20.415, +8.894,+0.936
1698349440,+3.53,+20.373, +8.894,+0.935
1698349740,+3.53,+20.348, +8.897,+0.936
1698350040,+3.53,+20.063, +9.008,+0.935
1698350340,+3.53,+20.088, +9.025,+0.934
1698350640,+3.53,+20.281, +9.019,+0.934
1698350940,+3.53,+20.507, +9.005,+0.934
1698351240,+3.53,+20.708, +8.989,+0.934
1698351540,+3.53,+20.833, +9.005,+0.934
1698351840,+3.53,+20.992, +8.990,+0.934
1698352140,+3.53,+21.109, +8.968,+0.934
1698352440,+3.53,+21.168, +8.982,+0.934
1698352740,+3.53,+21.260, +8.979,+0.934
1698353040,+3.53,+21.327, +8.971,+0.934
1698353340,+3.53,+21.394, +8.959,+0.935
1698353640,+3.53,+21.435, +8.961,+0.935
1698353940,+3.53,+21.469, +8.950,+0.934
1698354240,+3.53,+21.502, +8.954,+0.934
1698354540,+3.53,+21.544, +8.959,+0.934
