7450-458163
OS REV: 1.05 Sensor Cal: 1679088563
Time (sec),  BV (Volts),  T (deg C),  DO (mg/l),  Q ()
1697834640,+3.51,+22.063, +7.669,+0.935
1697834940,+3.51,+22.079, +7.666,+0.935
1697835240,+3.51,+22.104, +7.655,+0.935
1697835540,+3.51,+22.121, +7.655,+0.935
1697835840,+3.51,+22.121, +7.653,+0.935
1697836140,+3.51,+22.129, +7.652,+0.935
1697836440,+3.51,+22.138, +7.648,+0.935
1697836740,+3.51,+22.163, +7.643,+0.935
1697837040,+3.51,+22.163, +7.640,+0.935
1697837340,+3.51,+22.171, +7.636,+0.935
1697837640,+3.51,+22.188, +7.629,+0.935
1697837940,+3.51,+22.180, +7.641,+0.935
1697838240,+3.52,+22.205, +7.626,+0.935
1697838540,+3.52,+22.205, +7.631,+0.936
1697838840,+3.52,+22.205, +7.621,+0.935
1697839140,+3.52,+22.196, +7.626,+0.935
1697839440,+3.52,+22.205, +7.625,+0.935
1697839740,+3.52,+22.238, +7.619,+0.935
1697840040,+3.52,+22.221, +7.616,+0.935
1697840340,+3.52,+22.247, +7.608,+0.935
1697840640,+3.52,+22.221, +7.615,+0.935
1697840940,+3.52,+22.221, +7.613,+0.935
1697841240,+3.52,+22.221, +7.607,+0.935
1697841540,+3.52,+22.255, +7.607,+0.936
1697841840,+3.52,+22.247, +7.600,+0.935
1697842140,+3.52,+22.221, +7.602,+0.935
1697842440,+3.52,+22.230, +7.599,+0.935
1697842740,+3.52,+22.238, +7.590,+0.935
1697843040,+3.52,+22.230, +7.586,+0.935
1697843340,+3.52,+22.238, +7.592,+0.935
1697843640,+3.52,+22.238, +7.590,+0.935
1697843940,+3.52,+22.221, +7.591,+0.935
1697844240,+3.52,+22.230, +7.580,+0.935
1697844540,+3.52,+22.221, +7.586,+0.935
1697844840,+3.52,+22.213, +7.586,+0.935
1697845140,+3.52,+22.238, +7.574,+0.935
1697845440,+3.52,+22.221, +7.581,+0.935
1697845740,+3.52,+22.205, +7.574,+0.935
1697846040,+3.52,+22.230, +7.580,+0.936
1697846340,+3.52,+22.205, +7.568,+0.935
1697846640,+3.52,+22.205, +7.577,+0.935
1697846940,+3.52,+22.205, +7.568,+0.935
1697847240,+3.52,+22.205, +7.558,+0.935
1697847540,+3.52,+22.196, +7.575,+0.936
1697847840,+3.52,+22.213, +7.558,+0.935
1697848140,+3.52,+22.205, +7.558,+0.935
1697848440,+3.52,+22.205, +7.547,+0.935
1697848740,+3.52,+22.196, +7.547,+0.935
1697849040,+3.52,+22.205, +7.548,+0.935
1697849340,+3.52,+22.171, +7.552,+0.935
1697849640,+3.52,+22.171, +7.556,+0.935
1697849940,+3.52,+22.163, +7.557,+0.936
1697850240,+3.52,+22.171, +7.548,+0.936
1697850540,+3.52,+22.171, +7.545,+0.935
1697850840,+3.52,+22.180, +7.540,+0.935
1697851140,+3.52,+22.171, +7.546,+0.936
1697851440,+3.52,+22.171, +7.541,+0.935
1697851740,+3.52,+22.155, +7.537,+0.935
1697852040,+3.52,+22.163, +7.527,+0.935
1697852340,+3.52,+22.146, +7.543,+0.936
1697852640,+3.52,+22.146, +7.536,+0.935
1697852940,+3.52,+22.129, +7.527,+0.935
1697853240,+3.52,+22.155, +7.525,+0.935
1697853540,+3.52,+22.146, +7.530,+0.935
1697853840,+3.52,+22.138, +7.526,+0.935
1697854140,+3.52,+22.129, +7.518,+0.935
1697854440,+3.52,+22.138, +7.524,+0.935
1697854740,+3.52,+22.129, +7.515,+0.935
1697855040,+3.52,+22.129, +7.516,+0.935
1697855340,+3.52,+22.121, +7.524,+0.936
1697855640,+3.52,+22.129, +7.518,+0.935
1697855940,+3.52,+22.113, +7.518,+0.936
1697856240,+3.52,+22.121, +7.507,+0.935
1697856540,+3.52,+22.104, +7.502,+0.935
1697856840,+3.52,+22.121, +7.502,+0.935
1697857140,+3.52,+22.096, +7.508,+0.935
1697857440,+3.52,+22.096, +7.511,+0.935
1697857740,+3.52,+22.096, +7.498,+0.935
1697858040,+3.52,+22.104, +7.502,+0.935
1697858340,+3.52,+22.079, +7.503,+0.935
1697858640,+3.52,+22.088, +7.503,+0.936
1697858940,+3.52,+22.079, +7.498,+0.935
1697859240,+3.52,+22.088, +7.492,+0.935
1697859540,+3.52,+22.079, +7.486,+0.935
1697859840,+3.52,+22.079, +7.489,+0.935
1697860140,+3.52,+22.079, +7.493,+0.936
1697860440,+3.52,+22.063, +7.485,+0.935
1697860740,+3.52,+22.054, +7.492,+0.936
1697861040,+3.52,+22.063, +7.481,+0.935
1697861340,+3.52,+22.037, +7.490,+0.936
1697861640,+3.52,+22.046, +7.475,+0.935
1697861940,+3.52,+22.063, +7.473,+0.935
1697862240,+3.52,+22.063, +7.468,+0.935
1697862540,+3.52,+22.046, +7.475,+0.935
1697862840,+3.52,+22.046, +7.462,+0.935
1697863140,+3.52,+22.046, +7.467,+0.935
1697863440,+3.52,+22.054, +7.459,+0.935
1697863740,+3.52,+22.046, +7.458,+0.935
1697864040,+3.52,+22.037, +7.458,+0.935
1697864340,+3.52,+22.029, +7.458,+0.935
1697864640,+3.52,+22.029, +7.458,+0.935
1697864940,+3.52,+22.037, +7.449,+0.935
1697865240,+3.52,+22.012, +7.456,+0.935
1697865540,+3.52,+22.037, +7.439,+0.935
1697865840,+3.52,+22.021, +7.454,+0.936
1697866140,+3.52,+22.029, +7.447,+0.936
1697866440,+3.52,+22.012, +7.443,+0.935
1697866740,+3.52,+22.021, +7.431,+0.935
1697867040,+3.52,+22.021, +7.434,+0.935
1697867340,+3.52,+21.987, +7.439,+0.935
1697867640,+3.52,+22.004, +7.439,+0.935
1697867940,+3.52,+22.004, +7.440,+0.936
1697868240,+3.52,+22.021, +7.425,+0.935
1697868540,+3.52,+21.996, +7.429,+0.935
1697868840,+3.52,+21.971, +7.432,+0.935
1697869140,+3.52,+21.996, +7.432,+0.936
1697869440,+3.52,+21.987, +7.432,+0.936
1697869740,+3.52,+21.979, +7.425,+0.935
1697870040,+3.52,+22.004, +7.412,+0.935
1697870340,+3.52,+21.962, +7.428,+0.936
1697870640,+3.52,+21.996, +7.412,+0.935
1697870940,+3.52,+21.971, +7.421,+0.935
1697871240,+3.53,+21.971, +7.429,+0.936
1697871540,+3.52,+21.987, +7.409,+0.935
1697871840,+3.53,+21.962, +7.411,+0.935
1697872140,+3.53,+21.979, +7.409,+0.935
1697872440,+3.52,+21.979, +7.406,+0.935
1697872740,+3.52,+21.979, +7.408,+0.935
1697873040,+3.52,+21.979, +7.408,+0.935
1697873340,+3.53,+21.971, +7.404,+0.935
1697873640,+3.53,+21.979, +7.391,+0.935
1697873940,+3.53,+21.962, +7.390,+0.935
1697874240,+3.52,+21.971, +7.396,+0.935
1697874540,+3.53,+21.962, +7.398,+0.935
1697874840,+3.52,+21.962, +7.389,+0.935
1697875140,+3.53,+21.962, +7.389,+0.935
1697875440,+3.53,+21.954, +7.393,+0.935
1697875740,+3.53,+21.954, +7.390,+0.935
1697876040,+3.53,+21.962, +7.388,+0.936
1697876340,+3.53,+21.954, +7.381,+0.935
1697876640,+3.53,+21.945, +7.384,+0.935
1697876940,+3.53,+21.937, +7.390,+0.935
1697877240,+3.53,+21.937, +7.384,+0.935
1697877540,+3.53,+21.945, +7.378,+0.935
1697877840,+3.53,+21.945, +7.378,+0.935
1697878140,+3.53,+21.937, +7.377,+0.935
1697878440,+3.53,+21.937, +7.375,+0.935
1697878740,+3.53,+21.945, +7.367,+0.935
1697879040,+3.53,+21.929, +7.374,+0.935
1697879340,+3.53,+21.920, +7.371,+0.935
1697879640,+3.53,+21.904, +7.373,+0.935
1697879940,+3.53,+21.937, +7.363,+0.935
1697880240,+3.53,+21.937, +7.367,+0.936
1697880540,+3.53,+21.920, +7.359,+0.935
1697880840,+3.53,+21.929, +7.362,+0.935
1697881140,+3.53,+21.929, +7.365,+0.936
1697881440,+3.53,+21.929, +7.359,+0.936
1697881740,+3.53,+21.920, +7.363,+0.935
1697882040,+3.53,+21.920, +7.355,+0.935
1697882340,+3.53,+21.904, +7.358,+0.936
1697882640,+3.53,+21.895, +7.357,+0.935
1697882940,+3.53,+21.912, +7.350,+0.935
1697883240,+3.53,+21.929, +7.347,+0.936
1697883540,+3.53,+21.879, +7.347,+0.935
1697883840,+3.53,+21.904, +7.346,+0.935
1697884140,+3.53,+21.904, +7.349,+0.936
1697884440,+3.53,+21.912, +7.340,+0.935
1697884740,+3.53,+21.904, +7.344,+0.935
1697885040,+3.53,+21.895, +7.344,+0.935
1697885340,+3.53,+21.879, +7.343,+0.935
1697885640,+3.53,+21.895, +7.340,+0.935
1697885940,+3.53,+21.879, +7.333,+0.935
1697886240,+3.53,+21.904, +7.328,+0.935
1697886540,+3.53,+21.887, +7.332,+0.935
1697886840,+3.53,+21.870, +7.337,+0.935
1697887140,+3.53,+21.887, +7.336,+0.936
1697887440,+3.53,+21.887, +7.329,+0.935
1697887740,+3.53,+21.870, +7.332,+0.936
1697888040,+3.53,+21.870, +7.335,+0.936
1697888340,+3.53,+21.862, +7.335,+0.936
1697888640,+3.53,+21.870, +7.328,+0.935
1697888940,+3.53,+21.887, +7.312,+0.935
1697889240,+3.53,+21.870, +7.320,+0.935
1697889540,+3.53,+21.870, +7.317,+0.935
1697889840,+3.53,+21.853, +7.309,+0.935
1697890140,+3.53,+21.853, +7.323,+0.936
1697890440,+3.53,+21.870, +7.307,+0.935
1697890740,+3.53,+21.870, +7.318,+0.936
1697891040,+3.53,+21.845, +7.309,+0.935
1697891340,+3.53,+21.862, +7.311,+0.936
1697891640,+3.53,+21.862, +7.303,+0.935
1697891940,+3.53,+21.862, +7.309,+0.935
1697892240,+3.53,+21.862, +7.298,+0.935
1697892540,+3.53,+21.853, +7.307,+0.936
1697892840,+3.53,+21.853, +7.305,+0.936
1697893140,+3.53,+21.862, +7.297,+0.935
1697893440,+3.53,+21.870, +7.302,+0.936
1697893740,+3.53,+21.853, +7.295,+0.935
1697894040,+3.53,+21.828, +7.300,+0.935
1697894340,+3.53,+21.870, +7.286,+0.935
1697894640,+3.53,+21.862, +7.287,+0.935
1697894940,+3.53,+21.862, +7.286,+0.935
1697895240,+3.53,+21.862, +7.290,+0.936
1697895540,+3.53,+21.862, +7.288,+0.936
1697895840,+3.53,+21.862, +7.278,+0.935
1697896140,+3.53,+21.879, +7.278,+0.935
1697896440,+3.53,+21.870, +7.276,+0.935
1697896740,+3.53,+21.879, +7.270,+0.935
1697897040,+3.53,+21.879, +7.267,+0.935
1697897340,+3.53,+21.904, +7.265,+0.935
1697897640,+3.53,+21.879, +7.267,+0.935
1697897940,+3.53,+21.904, +7.265,+0.936
1697898240,+3.53,+21.887, +7.265,+0.936
1697898540,+3.53,+21.879, +7.258,+0.935
1697898840,+3.53,+21.904, +7.254,+0.935
1697899140,+3.53,+21.904, +7.256,+0.935
1697899440,+3.53,+21.904, +7.255,+0.935
1697899740,+3.53,+21.895, +7.256,+0.935
1697900040,+3.53,+21.904, +7.253,+0.936
1697900340,+3.53,+21.904, +7.236,+0.934
1697900640,+3.53,+21.912, +7.247,+0.935
1697900940,+3.53,+21.912, +7.240,+0.935
1697901240,+3.53,+21.920, +7.231,+0.935
1697901540,+3.53,+21.929, +7.232,+0.935
1697901840,+3.53,+21.929, +7.240,+0.936
1697902140,+3.53,+21.937, +7.229,+0.935
1697902440,+3.53,+21.945, +7.216,+0.935
1697902740,+3.53,+21.937, +7.229,+0.935
1697903040,+3.53,+21.937, +7.224,+0.935
1697903340,+3.53,+21.945, +7.221,+0.935
1697903640,+3.53,+21.962, +7.210,+0.935
1697903940,+3.53,+21.937, +7.218,+0.935
1697904240,+3.53,+21.954, +7.214,+0.935
1697904540,+3.53,+21.954, +7.216,+0.935
1697904840,+3.53,+21.962, +7.211,+0.935
1697905140,+3.53,+21.954, +7.212,+0.935
1697905440,+3.53,+21.971, +7.207,+0.935
1697905740,+3.53,+21.979, +7.201,+0.935
1697906040,+3.53,+21.971, +7.198,+0.935
1697906340,+3.53,+21.962, +7.197,+0.935
1697906640,+3.53,+21.962, +7.197,+0.935
1697906940,+3.53,+21.979, +7.183,+0.935
1697907240,+3.53,+21.979, +7.192,+0.935
1697907540,+3.53,+21.996, +7.189,+0.935
1697907840,+3.53,+21.979, +7.188,+0.935
1697908140,+3.53,+21.996, +7.184,+0.935
1697908440,+3.53,+21.996, +7.180,+0.935
1697908740,+3.53,+21.987, +7.177,+0.935
1697909040,+3.53,+21.996, +7.178,+0.935
1697909340,+3.53,+22.021, +7.173,+0.935
1697909640,+3.53,+21.996, +7.176,+0.935
1697909940,+3.53,+22.012, +7.173,+0.935
1697910240,+3.53,+21.996, +7.170,+0.935
1697910540,+3.53,+22.012, +7.164,+0.935
1697910840,+3.53,+22.021, +7.165,+0.935
1697911140,+3.53,+22.021, +7.159,+0.935
1697911440,+3.53,+22.037, +7.160,+0.936
1697911740,+3.53,+22.029, +7.154,+0.935
1697912040,+3.53,+22.029, +7.145,+0.935
1697912340,+3.53,+22.021, +7.148,+0.935
1697912640,+3.53,+22.021, +7.150,+0.935
1697912940,+3.53,+22.046, +7.144,+0.935
1697913240,+3.53,+22.046, +7.143,+0.935
1697913540,+3.53,+22.063, +7.142,+0.936
1697913840,+3.53,+22.037, +7.137,+0.935
1697914140,+3.53,+22.054, +7.139,+0.935
1697914440,+3.53,+22.037, +7.135,+0.935
1697914740,+3.53,+22.063, +7.124,+0.935
1697915040,+3.53,+22.063, +7.131,+0.935
1697915340,+3.53,+22.054, +7.124,+0.935
1697915640,+3.53,+22.054, +7.129,+0.936
1697915940,+3.53,+22.063, +7.116,+0.935
1697916240,+3.53,+22.063, +7.117,+0.935
1697916540,+3.53,+22.054, +7.113,+0.934
1697916840,+3.53,+22.071, +7.113,+0.935
1697917140,+3.53,+22.071, +7.108,+0.935
1697917440,+3.53,+22.063, +7.113,+0.935
1697917740,+3.53,+22.063, +7.121,+0.936
1697918040,+3.53,+22.046, +7.114,+0.935
1697918340,+3.53,+22.079, +7.102,+0.935
1697918640,+3.53,+22.079, +7.103,+0.935
1697918940,+3.53,+22.071, +7.107,+0.935
1697919240,+3.53,+22.063, +7.109,+0.935
1697919540,+3.53,+22.079, +7.098,+0.935
1697919840,+3.53,+22.046, +7.109,+0.935
1697920140,+3.53,+22.063, +7.100,+0.935
1697920440,+3.53,+22.063, +7.094,+0.935
1697920740,+3.53,+22.088, +7.092,+0.935
1697921040,+3.53,+22.063, +7.097,+0.936
