7450-458163
OS REV: 1.05 Sensor Cal: 1679088563
Time (sec),  BV (Volts),  T (deg C),  DO (mg/l),  Q ()
1698181440,+3.53,+16.179, +9.835,+0.936
1698181740,+3.53,+16.213, +9.860,+0.935
1698182040,+3.53,+16.204, +9.853,+0.935
1698182340,+3.53,+16.136, +9.822,+0.935
1698182640,+3.53,+16.111, +9.827,+0.936
1698182940,+3.53,+16.034, +9.831,+0.935
1698183240,+3.53,+15.982, +9.847,+0.935
1698183540,+3.53,+15.931, +9.851,+0.935
1698183840,+3.53,+15.923, +9.864,+0.935
1698184140,+3.53,+16.051, +9.822,+0.935
1698184440,+3.53,+16.093, +9.810,+0.935
1698184740,+3.53,+16.119, +9.801,+0.935
1698185040,+3.53,+16.119, +9.805,+0.935
1698185340,+3.53,+16.162, +9.770,+0.934
1698185640,+3.53,+16.093, +9.809,+0.935
1698185940,+3.53,+15.940, +9.823,+0.935
1698186240,+3.53,+15.854, +9.839,+0.935
1698186540,+3.52,+15.683, +9.882,+0.935
1698186840,+3.52,+15.631, +9.887,+0.936
1698187140,+3.52,+15.640, +9.887,+0.936
1698187440,+3.52,+15.717, +9.828,+0.935
1698187740,+3.53,+15.820, +9.812,+0.935
1698188040,+3.53,+15.923, +9.765,+0.935
1698188340,+3.53,+16.042, +9.799,+0.935
1698188640,+3.53,+16.162, +9.728,+0.935
1698188940,+3.53,+16.256, +9.704,+0.935
1698189240,+3.53,+16.384, +9.721,+0.935
1698189540,+3.52,+16.494, +9.668,+0.935
1698189840,+3.52,+16.614, +9.649,+0.935
1698190140,+3.52,+16.707, +9.622,+0.935
1698190440,+3.52,+16.818, +9.604,+0.935
1698190740,+3.53,+16.911, +9.595,+0.935
1698191040,+3.53,+17.005, +9.557,+0.935
1698191340,+3.53,+17.081, +9.543,+0.935
1698191640,+3.53,+17.140, +9.536,+0.934
1698191940,+3.53,+17.191, +9.522,+0.935
1698192240,+3.53,+17.293, +9.529,+0.935
1698192540,+3.53,+17.318, +9.524,+0.935
1698192840,+3.53,+17.301, +9.519,+0.935
1698193140,+3.53,+17.081, +9.568,+0.935
1698193440,+3.53,+17.005, +9.570,+0.935
1698193740,+3.53,+17.132, +9.546,+0.935
1698194040,+3.52,+17.344, +9.497,+0.935
1698194340,+3.52,+17.513, +9.474,+0.935
1698194640,+3.52,+17.665, +9.451,+0.935
1698194940,+3.52,+17.843, +9.406,+0.935
1698195240,+3.52,+17.986, +9.377,+0.935
1698195540,+3.53,+18.113, +9.353,+0.935
1698195840,+3.52,+18.248, +9.331,+0.935
1698196140,+3.52,+18.341, +9.311,+0.935
1698196440,+3.52,+18.450, +9.290,+0.935
1698196740,+3.52,+18.526, +9.273,+0.935
1698197040,+3.52,+18.627, +9.248,+0.935
1698197340,+3.52,+18.686, +9.235,+0.935
1698197640,+3.52,+18.770, +9.219,+0.935
1698197940,+3.52,+18.829, +9.212,+0.935
1698198240,+3.52,+18.888, +9.204,+0.935
1698198540,+3.52,+18.947, +9.177,+0.934
1698198840,+3.52,+19.022, +9.169,+0.935
1698199140,+3.52,+19.064, +9.165,+0.935
1698199440,+3.52,+19.106, +9.156,+0.935
1698199740,+3.52,+19.157, +9.152,+0.935
1698200040,+3.52,+19.216, +9.136,+0.935
1698200340,+3.52,+19.274, +9.119,+0.934
1698200640,+3.52,+19.325, +9.115,+0.935
1698200940,+3.52,+19.350, +9.108,+0.935
1698201240,+3.52,+19.383, +9.105,+0.935
1698201540,+3.52,+19.425, +9.087,+0.934
1698201840,+3.52,+19.467, +9.084,+0.935
1698202140,+3.52,+19.476, +9.085,+0.935
1698202440,+3.52,+19.526, +9.068,+0.934
1698202740,+3.52,+19.551, +9.068,+0.935
1698203040,+3.52,+19.593, +9.058,+0.935
1698203340,+3.52,+19.635, +9.047,+0.935
1698203640,+3.52,+19.652, +9.049,+0.935
1698203940,+3.52,+19.694, +9.050,+0.935
1698204240,+3.52,+19.711, +9.040,+0.935
1698204540,+3.52,+19.744, +9.023,+0.934
1698204840,+3.52,+19.769, +9.026,+0.935
1698205140,+3.52,+19.811, +9.015,+0.935
1698205440,+3.52,+19.811, +9.018,+0.935
1698205740,+3.52,+19.836, +9.012,+0.934
1698206040,+3.52,+19.870, +9.008,+0.935
1698206340,+3.52,+19.878, +9.010,+0.935
1698206640,+3.52,+19.920, +8.988,+0.934
1698206940,+3.52,+19.945, +8.997,+0.935
1698207240,+3.52,+19.954, +9.000,+0.935
1698207540,+3.52,+20.004, +8.973,+0.934
1698207840,+3.52,+20.021, +8.972,+0.934
1698208140,+3.52,+20.029, +8.985,+0.935
1698208440,+3.52,+20.063, +8.966,+0.935
1698208740,+3.52,+20.079, +8.974,+0.935
1698209040,+3.52,+20.096, +8.960,+0.935
1698209340,+3.52,+20.121, +8.960,+0.935
1698209640,+3.52,+20.155, +8.943,+0.935
1698209940,+3.52,+20.180, +8.940,+0.935
1698210240,+3.52,+20.197, +8.951,+0.935
1698210540,+3.52,+20.205, +8.944,+0.935
1698210840,+3.52,+20.214, +8.944,+0.935
1698211140,+3.52,+20.247, +8.937,+0.935
1698211440,+3.52,+20.247, +8.936,+0.934
1698211740,+3.52,+20.289, +8.928,+0.935
1698212040,+3.52,+20.297, +8.927,+0.935
1698212340,+3.52,+20.322, +8.919,+0.935
1698212640,+3.52,+20.339, +8.921,+0.936
1698212940,+3.52,+20.356, +8.911,+0.935
1698213240,+3.52,+20.381, +8.908,+0.935
1698213540,+3.52,+20.389, +8.905,+0.935
1698213840,+3.52,+20.389, +8.915,+0.935
1698214140,+3.52,+20.423, +8.893,+0.934
1698214440,+3.52,+20.431, +8.895,+0.935
1698214740,+3.52,+20.448, +8.898,+0.935
1698215040,+3.52,+20.456, +8.900,+0.935
1698215340,+3.52,+20.482, +8.894,+0.935
1698215640,+3.52,+20.490, +8.879,+0.934
1698215940,+3.52,+20.498, +8.883,+0.935
1698216240,+3.52,+20.498, +8.886,+0.935
1698216540,+3.52,+20.523, +8.881,+0.935
1698216840,+3.52,+20.523, +8.874,+0.935
1698217140,+3.52,+20.540, +8.870,+0.934
1698217440,+3.52,+20.548, +8.875,+0.935
1698217740,+3.52,+20.565, +8.875,+0.935
1698218040,+3.52,+20.574, +8.871,+0.935
1698218340,+3.52,+20.582, +8.868,+0.935
1698218640,+3.52,+20.615, +8.847,+0.934
1698218940,+3.52,+20.607, +8.860,+0.935
1698219240,+3.52,+20.615, +8.856,+0.935
1698219540,+3.52,+20.632, +8.855,+0.935
1698219840,+3.52,+20.649, +8.847,+0.934
1698220140,+3.52,+20.666, +8.838,+0.934
1698220440,+3.52,+20.657, +8.844,+0.934
1698220740,+3.52,+20.674, +8.854,+0.935
1698221040,+3.52,+20.674, +8.847,+0.935
1698221340,+3.52,+20.682, +8.838,+0.934
1698221640,+3.52,+20.699, +8.838,+0.935
1698221940,+3.52,+20.716, +8.834,+0.935
1698222240,+3.52,+20.716, +8.838,+0.935
1698222540,+3.52,+20.749, +8.836,+0.936
1698222840,+3.52,+20.724, +8.840,+0.935
1698223140,+3.52,+20.749, +8.835,+0.935
1698223440,+3.52,+20.766, +8.825,+0.935
1698223740,+3.52,+20.758, +8.831,+0.935
1698224040,+3.52,+20.791, +8.815,+0.935
1698224340,+3.52,+20.766, +8.831,+0.935
1698224640,+3.52,+20.774, +8.828,+0.935
1698224940,+3.52,+20.766, +8.830,+0.935
1698225240,+3.52,+20.766, +8.833,+0.935
1698225540,+3.52,+20.791, +8.822,+0.935
1698225840,+3.52,+20.791, +8.829,+0.935
1698226140,+3.52,+20.800, +8.835,+0.935
1698226440,+3.52,+20.825, +8.826,+0.935
1698226740,+3.52,+20.825, +8.828,+0.935
1698227040,+3.52,+20.825, +8.818,+0.934
1698227340,+3.52,+20.867, +8.815,+0.935
1698227640,+3.52,+20.867, +8.814,+0.935
1698227940,+3.52,+20.867, +8.818,+0.935
1698228240,+3.52,+20.883, +8.826,+0.936
1698228540,+3.52,+20.867, +8.835,+0.936
1698228840,+3.52,+20.867, +8.826,+0.935
1698229140,+3.52,+20.892, +8.803,+0.934
1698229440,+3.52,+20.875, +8.824,+0.935
1698229740,+3.52,+20.892, +8.824,+0.935
1698230040,+3.52,+20.858, +8.830,+0.935
1698230340,+3.52,+20.883, +8.805,+0.934
1698230640,+3.52,+20.883, +8.822,+0.935
1698230940,+3.52,+20.900, +8.819,+0.935
1698231240,+3.52,+20.892, +8.810,+0.935
1698231540,+3.52,+20.900, +8.829,+0.936
1698231840,+3.52,+20.917, +8.809,+0.935
1698232140,+3.52,+20.933, +8.810,+0.935
1698232440,+3.52,+20.917, +8.803,+0.934
1698232740,+3.52,+20.908, +8.814,+0.935
1698233040,+3.52,+20.925, +8.804,+0.935
1698233340,+3.52,+20.892, +8.817,+0.935
1698233640,+3.52,+20.933, +8.806,+0.935
1698233940,+3.52,+20.925, +8.813,+0.935
1698234240,+3.52,+20.925, +8.809,+0.935
1698234540,+3.52,+20.925, +8.802,+0.935
1698234840,+3.52,+20.925, +8.809,+0.935
1698235140,+3.52,+20.933, +8.815,+0.935
1698235440,+3.52,+20.975, +8.810,+0.935
1698235740,+3.52,+20.975, +8.798,+0.935
1698236040,+3.52,+20.984, +8.803,+0.935
1698236340,+3.52,+20.984, +8.821,+0.936
1698236640,+3.52,+20.992, +8.803,+0.935
1698236940,+3.52,+20.992, +8.796,+0.935
1698237240,+3.52,+20.959, +8.816,+0.935
1698237540,+3.52,+20.959, +8.799,+0.934
1698237840,+3.52,+20.967, +8.811,+0.935
1698238140,+3.52,+20.959, +8.820,+0.936
1698238440,+3.52,+20.959, +8.813,+0.935
1698238740,+3.52,+20.967, +8.805,+0.935
1698239040,+3.52,+20.975, +8.809,+0.935
1698239340,+3.52,+20.959, +8.812,+0.935
1698239640,+3.52,+20.992, +8.802,+0.935
1698239940,+3.52,+20.992, +8.801,+0.935
1698240240,+3.52,+20.975, +8.795,+0.934
1698240540,+3.52,+20.984, +8.802,+0.935
1698240840,+3.52,+21.000, +8.808,+0.935
1698241140,+3.52,+21.009, +8.809,+0.936
1698241440,+3.52,+21.025, +8.798,+0.935
1698241740,+3.52,+21.025, +8.806,+0.936
1698242040,+3.52,+21.034, +8.793,+0.935
1698242340,+3.52,+21.042, +8.794,+0.935
1698242640,+3.52,+21.051, +8.792,+0.935
1698242940,+3.52,+21.067, +8.782,+0.935
1698243240,+3.52,+21.076, +8.797,+0.936
1698243540,+3.52,+21.067, +8.791,+0.935
1698243840,+3.52,+21.084, +8.780,+0.935
1698244140,+3.52,+21.109, +8.789,+0.935
1698244440,+3.52,+21.109, +8.781,+0.935
1698244740,+3.52,+21.134, +8.781,+0.935
1698245040,+3.52,+21.143, +8.779,+0.935
1698245340,+3.52,+21.159, +8.760,+0.934
1698245640,+3.52,+21.151, +8.774,+0.935
1698245940,+3.52,+21.193, +8.755,+0.934
1698246240,+3.52,+21.168, +8.768,+0.935
1698246540,+3.52,+21.184, +8.769,+0.935
1698246840,+3.52,+21.218, +8.758,+0.935
1698247140,+3.52,+21.193, +8.758,+0.935
1698247440,+3.52,+21.201, +8.758,+0.935
1698247740,+3.53,+21.218, +8.760,+0.935
1698248040,+3.52,+21.218, +8.752,+0.935
1698248340,+3.53,+21.218, +8.755,+0.935
1698248640,+3.53,+21.235, +8.739,+0.934
1698248940,+3.53,+21.235, +8.751,+0.935
1698249240,+3.53,+21.226, +8.754,+0.935
1698249540,+3.53,+21.243, +8.756,+0.935
1698249840,+3.53,+21.251, +8.741,+0.935
1698250140,+3.53,+21.260, +8.745,+0.935
1698250440,+3.53,+21.268, +8.753,+0.936
1698250740,+3.53,+21.260, +8.730,+0.934
1698251040,+3.53,+21.276, +8.743,+0.935
1698251340,+3.53,+21.268, +8.738,+0.935
1698251640,+3.53,+21.276, +8.735,+0.935
1698251940,+3.53,+21.285, +8.749,+0.936
1698252240,+3.53,+21.310, +8.726,+0.935
1698252540,+3.53,+21.285, +8.743,+0.935
1698252840,+3.53,+21.302, +8.718,+0.934
1698253140,+3.53,+21.310, +8.730,+0.935
1698253440,+3.53,+21.310, +8.722,+0.935
1698253740,+3.53,+21.318, +8.721,+0.935
1698254040,+3.53,+21.335, +8.714,+0.935
1698254340,+3.53,+21.310, +8.723,+0.935
1698254640,+3.53,+21.318, +8.728,+0.935
1698254940,+3.53,+21.327, +8.721,+0.935
1698255240,+3.53,+21.335, +8.717,+0.935
1698255540,+3.53,+21.335, +8.716,+0.935
1698255840,+3.53,+21.343, +8.711,+0.935
1698256140,+3.53,+21.343, +8.709,+0.935
1698256440,+3.53,+21.343, +8.702,+0.935
1698256740,+3.53,+21.360, +8.698,+0.935
1698257040,+3.53,+21.360, +8.698,+0.935
1698257340,+3.53,+21.368, +8.706,+0.935
1698257640,+3.53,+21.377, +8.695,+0.935
1698257940,+3.53,+21.394, +8.697,+0.935
1698258240,+3.53,+21.368, +8.684,+0.934
1698258540,+3.53,+21.394, +8.685,+0.935
1698258840,+3.53,+21.394, +8.686,+0.935
1698259140,+3.53,+21.410, +8.676,+0.935
1698259440,+3.53,+21.419, +8.677,+0.935
1698259740,+3.53,+21.435, +8.666,+0.934
1698260040,+3.53,+21.419, +8.673,+0.934
1698260340,+3.53,+21.410, +8.682,+0.935
1698260640,+3.53,+21.419, +8.667,+0.934
1698260940,+3.53,+21.419, +8.673,+0.935
1698261240,+3.53,+21.435, +8.667,+0.935
1698261540,+3.53,+21.427, +8.669,+0.935
1698261840,+3.53,+21.427, +8.667,+0.935
1698262140,+3.53,+21.427, +8.668,+0.935
1698262440,+3.53,+21.419, +8.680,+0.935
1698262740,+3.53,+21.410, +8.672,+0.935
1698263040,+3.53,+21.419, +8.668,+0.935
1698263340,+3.53,+21.435, +8.662,+0.935
1698263640,+3.53,+21.435, +8.665,+0.935
1698263940,+3.53,+21.435, +8.663,+0.935
1698264240,+3.53,+21.435, +8.664,+0.935
1698264540,+3.53,+21.435, +8.663,+0.935
1698264840,+3.53,+21.444, +8.662,+0.935
1698265140,+3.53,+21.444, +8.666,+0.935
1698265440,+3.53,+21.435, +8.668,+0.935
1698265740,+3.53,+21.444, +8.659,+0.935
1698266040,+3.53,+21.460, +8.654,+0.935
1698266340,+3.53,+21.444, +8.659,+0.935
1698266640,+3.53,+21.452, +8.653,+0.935
1698266940,+3.53,+21.444, +8.663,+0.935
1698267240,+3.53,+21.444, +8.660,+0.935
1698267540,+3.53,+21.427, +8.663,+0.935
1698267840,+3.53,+21.469, +8.657,+0.935
