7450-325834
OS REV: 1.05 Sensor Cal: 1678992891
Time (sec),  BV (Volts),  T (deg C),  DO (mg/l),  Q ()
1697574600,+3.52,+22.293, +8.629,+0.950
1697574900,+3.51,+22.377, +8.622,+0.950
1697575200,+3.52,+22.385, +8.612,+0.949
1697575500,+3.51,+22.327, +8.629,+0.949
1697575800,+3.52,+22.327, +8.632,+0.950
1697576100,+3.51,+22.302, +8.623,+0.949
1697576400,+3.51,+22.276, +8.637,+0.949
1697576700,+3.51,+22.226, +8.650,+0.949
1697577000,+3.51,+22.235, +8.653,+0.950
1697577300,+3.51,+22.201, +8.653,+0.949
1697577600,+3.51,+22.184, +8.666,+0.950
1697577900,+3.51,+22.151, +8.656,+0.949
1697578200,+3.51,+22.151, +8.671,+0.950
1697578500,+3.51,+22.126, +8.672,+0.949
1697578800,+3.51,+22.101, +8.684,+0.950
1697579100,+3.51,+22.084, +8.681,+0.949
1697579400,+3.51,+22.076, +8.680,+0.949
1697579700,+3.51,+22.059, +8.685,+0.949
1697580000,+3.51,+22.059, +8.689,+0.949
1697580300,+3.51,+22.034, +8.691,+0.949
1697580600,+3.51,+22.025, +8.694,+0.949
1697580900,+3.51,+22.034, +8.688,+0.949
1697581200,+3.51,+22.017, +8.686,+0.949
1697581500,+3.51,+21.992, +8.707,+0.950
1697581800,+3.51,+21.992, +8.702,+0.950
1697582100,+3.51,+22.000, +8.699,+0.949
1697582400,+3.51,+21.992, +8.708,+0.950
1697582700,+3.51,+21.967, +8.709,+0.949
1697583000,+3.51,+21.967, +8.711,+0.950
1697583300,+3.51,+21.942, +8.718,+0.950
1697583600,+3.51,+21.950, +8.712,+0.950
1697583900,+3.51,+21.933, +8.719,+0.950
1697584200,+3.51,+21.917, +8.719,+0.949
1697584500,+3.51,+21.925, +8.718,+0.949
1697584800,+3.51,+21.900, +8.729,+0.950
1697585100,+3.51,+21.900, +8.729,+0.950
1697585400,+3.51,+21.891, +8.726,+0.950
1697585700,+3.51,+21.875, +8.734,+0.950
1697586000,+3.51,+21.875, +8.720,+0.949
1697586300,+3.51,+21.883, +8.726,+0.950
1697586600,+3.51,+21.841, +8.737,+0.950
1697586900,+3.51,+21.816, +8.753,+0.950
1697587200,+3.51,+21.816, +8.747,+0.950
1697587500,+3.51,+21.808, +8.747,+0.950
1697587800,+3.51,+21.799, +8.751,+0.950
1697588100,+3.51,+21.799, +8.742,+0.949
1697588400,+3.51,+21.799, +8.755,+0.950
1697588700,+3.51,+21.783, +8.753,+0.950
1697589000,+3.51,+21.783, +8.751,+0.950
1697589300,+3.51,+21.749, +8.769,+0.950
1697589600,+3.51,+21.757, +8.763,+0.950
1697589900,+3.51,+21.749, +8.757,+0.950
1697590200,+3.51,+21.749, +8.758,+0.950
1697590500,+3.51,+21.732, +8.763,+0.950
1697590800,+3.51,+21.724, +8.764,+0.950
1697591100,+3.51,+21.724, +8.758,+0.949
1697591400,+3.51,+21.707, +8.769,+0.950
1697591700,+3.51,+21.707, +8.765,+0.949
1697592000,+3.51,+21.682, +8.778,+0.950
1697592300,+3.51,+21.674, +8.777,+0.949
1697592600,+3.51,+21.682, +8.776,+0.950
1697592900,+3.51,+21.665, +8.774,+0.950
1697593200,+3.51,+21.665, +8.781,+0.950
1697593500,+3.51,+21.665, +8.783,+0.950
1697593800,+3.51,+21.649, +8.785,+0.950
1697594100,+3.51,+21.640, +8.787,+0.950
1697594400,+3.51,+21.657, +8.790,+0.950
1697594700,+3.51,+21.649, +8.772,+0.949
1697595000,+3.51,+21.624, +8.799,+0.950
1697595300,+3.51,+21.632, +8.788,+0.950
1697595600,+3.51,+21.624, +8.784,+0.950
1697595900,+3.51,+21.607, +8.798,+0.950
1697596200,+3.51,+21.598, +8.805,+0.950
1697596500,+3.51,+21.598, +8.795,+0.950
1697596800,+3.51,+21.565, +8.802,+0.950
1697597100,+3.51,+21.590, +8.790,+0.949
1697597400,+3.51,+21.582, +8.789,+0.949
1697597700,+3.51,+21.582, +8.801,+0.950
1697598000,+3.51,+21.557, +8.808,+0.950
1697598300,+3.51,+21.573, +8.798,+0.949
1697598600,+3.51,+21.565, +8.806,+0.950
1697598900,+3.51,+21.557, +8.809,+0.950
1697599200,+3.51,+21.557, +8.808,+0.950
1697599500,+3.51,+21.531, +8.811,+0.949
1697599800,+3.51,+21.531, +8.807,+0.949
1697600100,+3.51,+21.531, +8.817,+0.950
1697600400,+3.51,+21.531, +8.812,+0.950
1697600700,+3.51,+21.523, +8.810,+0.949
1697601000,+3.51,+21.531, +8.815,+0.950
1697601300,+3.51,+21.506, +8.820,+0.950
1697601600,+3.51,+21.515, +8.822,+0.950
1697601900,+3.51,+21.515, +8.813,+0.950
1697602200,+3.51,+21.498, +8.822,+0.950
1697602500,+3.51,+21.490, +8.823,+0.950
1697602800,+3.51,+21.498, +8.818,+0.950
1697603100,+3.51,+21.481, +8.826,+0.950
1697603400,+3.51,+21.473, +8.834,+0.950
1697603700,+3.51,+21.481, +8.828,+0.950
1697604000,+3.51,+21.481, +8.821,+0.949
1697604300,+3.51,+21.481, +8.826,+0.950
1697604600,+3.51,+21.473, +8.836,+0.950
1697604900,+3.51,+21.473, +8.841,+0.950
1697605200,+3.51,+21.473, +8.825,+0.949
1697605500,+3.51,+21.448, +8.833,+0.950
1697605800,+3.51,+21.456, +8.829,+0.950
1697606100,+3.51,+21.456, +8.830,+0.949
1697606400,+3.51,+21.448, +8.834,+0.950
1697606700,+3.51,+21.448, +8.845,+0.950
1697607000,+3.51,+21.431, +8.842,+0.950
1697607300,+3.51,+21.431, +8.838,+0.950
1697607600,+3.51,+21.448, +8.834,+0.950
1697607900,+3.51,+21.448, +8.831,+0.949
1697608200,+3.51,+21.448, +8.829,+0.950
1697608500,+3.51,+21.423, +8.848,+0.950
1697608800,+3.51,+21.423, +8.838,+0.950
1697609100,+3.51,+21.414, +8.844,+0.950
1697609400,+3.51,+21.423, +8.842,+0.950
1697609700,+3.51,+21.406, +8.853,+0.950
1697610000,+3.51,+21.398, +8.848,+0.950
1697610300,+3.51,+21.406, +8.842,+0.950
1697610600,+3.51,+21.423, +8.842,+0.950
1697610900,+3.51,+21.398, +8.849,+0.950
1697611200,+3.51,+21.389, +8.849,+0.950
1697611500,+3.51,+21.414, +8.847,+0.950
1697611800,+3.51,+21.406, +8.845,+0.950
1697612100,+3.51,+21.389, +8.847,+0.950
1697612400,+3.51,+21.398, +8.847,+0.950
1697612700,+3.51,+21.389, +8.848,+0.950
1697613000,+3.51,+21.398, +8.842,+0.950
1697613300,+3.51,+21.381, +8.850,+0.950
1697613600,+3.51,+21.381, +8.856,+0.950
1697613900,+3.51,+21.389, +8.847,+0.950
1697614200,+3.51,+21.372, +8.853,+0.950
1697614500,+3.51,+21.372, +8.857,+0.950
1697614800,+3.51,+21.356, +8.860,+0.950
1697615100,+3.51,+21.372, +8.851,+0.950
1697615400,+3.51,+21.364, +8.864,+0.950
1697615700,+3.51,+21.364, +8.853,+0.950
1697616000,+3.51,+21.356, +8.854,+0.950
1697616300,+3.51,+21.356, +8.860,+0.950
1697616600,+3.51,+21.347, +8.867,+0.950
1697616900,+3.51,+21.372, +8.854,+0.950
1697617200,+3.51,+21.331, +8.860,+0.950
1697617500,+3.51,+21.339, +8.867,+0.950
1697617800,+3.51,+21.347, +8.860,+0.950
1697618100,+3.51,+21.347, +8.862,+0.950
1697618400,+3.51,+21.339, +8.868,+0.950
1697618700,+3.51,+21.331, +8.869,+0.950
1697619000,+3.51,+21.331, +8.883,+0.951
1697619300,+3.51,+21.339, +8.852,+0.949
1697619600,+3.51,+21.339, +8.850,+0.949
1697619900,+3.51,+21.331, +8.864,+0.950
1697620200,+3.51,+21.314, +8.866,+0.950
1697620500,+3.51,+21.331, +8.860,+0.950
1697620800,+3.51,+21.322, +8.867,+0.950
1697621100,+3.51,+21.322, +8.855,+0.949
1697621400,+3.51,+21.314, +8.864,+0.949
1697621700,+3.51,+21.314, +8.877,+0.950
1697622000,+3.51,+21.306, +8.872,+0.950
1697622300,+3.51,+21.297, +8.873,+0.950
1697622600,+3.51,+21.306, +8.869,+0.950
1697622900,+3.51,+21.297, +8.878,+0.950
1697623200,+3.51,+21.297, +8.874,+0.950
1697623500,+3.51,+21.306, +8.864,+0.949
1697623800,+3.51,+21.306, +8.872,+0.950
1697624100,+3.51,+21.272, +8.877,+0.950
1697624400,+3.51,+21.306, +8.882,+0.950
1697624700,+3.51,+21.289, +8.887,+0.950
1697625000,+3.51,+21.297, +8.885,+0.950
1697625300,+3.51,+21.289, +8.880,+0.950
1697625600,+3.51,+21.280, +8.884,+0.950
1697625900,+3.51,+21.280, +8.895,+0.951
1697626200,+3.51,+21.289, +8.884,+0.950
1697626500,+3.51,+21.264, +8.880,+0.950
1697626800,+3.51,+21.264, +8.883,+0.950
1697627100,+3.51,+21.264, +8.890,+0.950
1697627400,+3.51,+21.272, +8.884,+0.950
1697627700,+3.51,+21.264, +8.892,+0.950
1697628000,+3.51,+21.222, +8.899,+0.950
1697628300,+3.50,+20.946, +8.956,+0.950
1697628600,+3.51,+20.527, +9.033,+0.950
1697628900,+3.51,+20.100, +9.125,+0.952
1697629200,+3.51,+19.655, +9.198,+0.951
1697629500,+3.51,+19.261, +9.259,+0.952
1697629800,+3.51,+18.824, +9.345,+0.952
1697630100,+3.51,+18.538, +9.395,+0.952
1697630400,+3.51,+18.192, +9.486,+0.953
1697630700,+3.51,+17.880, +9.538,+0.953
1697631000,+3.51,+17.567, +9.605,+0.954
1697631300,+3.51,+17.237, +9.654,+0.954
1697631600,+3.51,+17.000, +9.732,+0.955
1697631900,+3.51,+16.788, +9.782,+0.955
1697632200,+3.51,+16.686, +9.792,+0.955
1697632500,+3.51,+16.635, +9.803,+0.955
1697632800,+3.51,+16.575, +9.819,+0.955
1697633100,+3.51,+16.550, +9.819,+0.955
1697633400,+3.51,+16.499, +9.819,+0.954
1697633700,+3.51,+16.218, +9.890,+0.955
1697634000,+3.51,+16.124, +9.891,+0.955
1697634300,+3.51,+16.038, +9.914,+0.955
1697634600,+3.51,+15.945, +9.936,+0.955
1697634900,+3.51,+15.919, +9.954,+0.956
1697635200,+3.51,+15.979, +9.933,+0.956
1697635500,+3.51,+16.226, +9.861,+0.955
1697635800,+3.51,+16.507, +9.792,+0.954
1697636100,+3.50,+16.720, +9.748,+0.954
1697636400,+3.51,+17.229, +9.654,+0.954
1697636700,+3.50,+18.580, +9.368,+0.953
1697637000,+3.51,+19.420, +9.215,+0.952
1697637300,+3.51,+19.395, +9.242,+0.952
1697637600,+3.51,+20.250, +9.056,+0.951
1697637900,+3.50,+21.858, +8.757,+0.950
1697638200,+3.50,+22.076, +8.746,+0.949
1697638500,+3.50,+23.122, +8.558,+0.949
1697638800,+3.50,+24.020, +8.409,+0.947
1697639100,+3.50,+25.661, +8.161,+0.946
1697639400,+3.50,+26.778, +8.011,+0.946
1697639700,+3.49,+27.492, +7.919,+0.945
1697640000,+3.49,+28.003, +7.848,+0.944
1697640300,+3.49,+27.492, +7.970,+0.946
1697640600,+3.49,+27.611, +7.955,+0.945
1697640900,+3.50,+26.727, +8.080,+0.945
1697641200,+3.49,+26.194, +8.139,+0.946
1697641500,+3.49,+26.354, +8.071,+0.945
1697641800,+3.49,+26.320, +8.073,+0.945
1697642100,+3.49,+26.084, +8.126,+0.946
1697642400,+3.50,+25.484, +8.252,+0.946
1697642700,+3.50,+24.810, +8.358,+0.947
1697643000,+3.50,+19.596, +8.953,+0.948
1697643300,+3.50,+17.796, +9.404,+0.953
1697643600,+3.50,+17.627, +9.475,+0.954
1697643900,+3.51,+17.525, +9.566,+0.955
1697644200,+3.51,+17.449, +9.579,+0.954
1697644500,+3.51,+17.432, +9.583,+0.955
1697644800,+3.51,+17.424, +9.608,+0.955
1697645100,+3.51,+17.407, +9.651,+0.955
1697645400,+3.51,+17.398, +9.649,+0.955
1697645700,+3.51,+17.407, +9.641,+0.954
1697646000,+3.51,+17.398, +9.660,+0.955
1697646300,+3.51,+17.381, +9.678,+0.955
1697646600,+3.51,+17.356, +9.688,+0.955
1697646900,+3.51,+17.373, +9.718,+0.955
1697647200,+3.51,+17.331, +9.748,+0.955
1697647500,+3.51,+17.331, +9.742,+0.955
1697647800,+3.51,+17.339, +9.783,+0.955
1697648100,+3.51,+17.339, +9.760,+0.955
1697648400,+3.51,+17.331, +9.812,+0.955
1697648700,+3.51,+17.322, +9.825,+0.955
1697649000,+3.51,+17.339, +9.868,+0.955
1697649300,+3.51,+17.390, +9.877,+0.955
1697649600,+3.51,+17.381, +9.876,+0.954
1697649900,+3.51,+17.415, +9.877,+0.955
1697650200,+3.50,+17.441, +9.936,+0.955
1697650500,+3.50,+17.466, +9.964,+0.955
1697650800,+3.50,+17.483, +9.944,+0.954
1697651100,+3.50,+17.525, +9.961,+0.955
1697651400,+3.50,+17.542, +9.966,+0.955
1697651700,+3.50,+17.534, +9.984,+0.955
1697652000,+3.50,+17.601,+10.023,+0.955
1697652300,+3.50,+17.618,+10.019,+0.954
1697652600,+3.50,+17.652,+10.077,+0.955
1697652900,+3.50,+17.686,+10.067,+0.955
1697653200,+3.50,+17.694,+10.076,+0.955
1697653500,+3.50,+17.728,+10.127,+0.955
1697653800,+3.50,+17.745,+10.117,+0.954
1697654100,+3.50,+17.787,+10.176,+0.954
1697654400,+3.50,+17.804,+10.146,+0.954
1697654700,+3.50,+17.846,+10.197,+0.955
1697655000,+3.50,+17.880,+10.235,+0.955
1697655300,+3.50,+17.813,+10.274,+0.955
1697655600,+3.50,+17.855,+10.325,+0.955
1697655900,+3.50,+17.813,+10.298,+0.955
1697656200,+3.50,+17.821,+10.365,+0.955
1697656500,+3.50,+17.829,+10.322,+0.954
1697656800,+3.50,+17.829,+10.304,+0.955
1697657100,+3.50,+17.931,+10.284,+0.954
1697657400,+3.50,+17.981,+10.254,+0.954
1697657700,+3.50,+17.981,+10.283,+0.955
1697658000,+3.50,+17.973,+10.312,+0.955
1697658300,+3.50,+17.956,+10.305,+0.954
1697658600,+3.50,+17.922,+10.300,+0.954
1697658900,+3.50,+17.880,+10.315,+0.955
1697659200,+3.50,+17.846,+10.318,+0.955
1697659500,+3.50,+17.829,+10.331,+0.955
1697659800,+3.50,+17.829,+10.317,+0.955
1697660100,+3.50,+17.787,+10.314,+0.954
1697660400,+3.50,+17.779,+10.307,+0.955
1697660700,+3.50,+17.736,+10.328,+0.955
1697661000,+3.50,+17.728,+10.311,+0.954
