7450-562111
OS REV: 1.05 Sensor Cal: 1679419969
Time (sec),  BV (Volts),  T (deg C),  DO (mg/l),  Q ()
1697366280,+3.46,+21.562, +8.492,+0.921
1697366580,+3.46,+21.545, +8.496,+0.921
1697366880,+3.46,+21.545, +8.496,+0.921
1697367180,+3.46,+21.545, +8.489,+0.920
1697367480,+3.46,+21.562, +8.484,+0.920
1697367780,+3.46,+21.537, +8.487,+0.920
1697368080,+3.46,+21.537, +8.496,+0.921
1697368380,+3.46,+21.554, +8.488,+0.920
1697368680,+3.46,+21.529, +8.497,+0.920
1697368980,+3.46,+21.529, +8.505,+0.921
1697369280,+3.46,+21.529, +8.506,+0.921
1697369580,+3.46,+21.545, +8.491,+0.920
1697369880,+3.46,+21.545, +8.505,+0.921
1697370180,+3.46,+21.529, +8.497,+0.920
1697370480,+3.46,+21.554, +8.505,+0.921
1697370780,+3.46,+21.545, +8.494,+0.920
1697371080,+3.46,+21.529, +8.499,+0.920
1697371380,+3.46,+21.537, +8.502,+0.921
1697371680,+3.46,+21.529, +8.504,+0.920
1697371980,+3.46,+21.545, +8.502,+0.921
1697372280,+3.46,+21.529, +8.491,+0.920
1697372580,+3.46,+21.529, +8.508,+0.921
1697372880,+3.46,+21.545, +8.497,+0.920
1697373180,+3.46,+21.529, +8.506,+0.920
1697373480,+3.46,+21.512, +8.514,+0.921
1697373780,+3.46,+21.520, +8.505,+0.920
1697374080,+3.46,+21.520, +8.512,+0.921
1697374380,+3.46,+21.529, +8.509,+0.921
1697374680,+3.46,+21.545, +8.502,+0.920
1697374980,+3.46,+21.529, +8.513,+0.921
1697375280,+3.46,+21.537, +8.506,+0.920
1697375580,+3.46,+21.520, +8.518,+0.921
1697375880,+3.46,+21.537, +8.504,+0.920
1697376180,+3.46,+21.545, +8.509,+0.921
1697376480,+3.46,+21.529, +8.512,+0.921
1697376780,+3.46,+21.529, +8.514,+0.921
1697377080,+3.46,+21.520, +8.512,+0.921
1697377380,+3.46,+21.520, +8.513,+0.921
1697377680,+3.46,+21.520, +8.507,+0.920
1697377980,+3.46,+21.545, +8.502,+0.921
1697378280,+3.46,+21.537, +8.502,+0.920
1697378580,+3.46,+21.537, +8.516,+0.921
1697378880,+3.46,+21.520, +8.509,+0.920
1697379180,+3.46,+21.529, +8.506,+0.920
1697379480,+3.46,+21.529, +8.501,+0.920
1697379780,+3.46,+21.545, +8.504,+0.920
1697380080,+3.46,+21.537, +8.517,+0.921
1697380380,+3.46,+21.545, +8.511,+0.921
1697380680,+3.46,+21.529, +8.513,+0.920
1697380980,+3.46,+21.545, +8.513,+0.921
1697381280,+3.46,+21.554, +8.513,+0.921
1697381580,+3.46,+21.529, +8.523,+0.921
1697381880,+3.46,+21.554, +8.500,+0.920
1697382180,+3.46,+21.537, +8.510,+0.921
1697382480,+3.46,+21.545, +8.513,+0.921
1697382780,+3.46,+21.562, +8.510,+0.921
1697383080,+3.46,+21.554, +8.503,+0.920
1697383380,+3.46,+21.554, +8.508,+0.921
1697383680,+3.46,+21.554, +8.510,+0.921
1697383980,+3.46,+21.545, +8.505,+0.920
1697384280,+3.46,+21.562, +8.504,+0.920
1697384580,+3.46,+21.545, +8.516,+0.921
1697384880,+3.46,+21.570, +8.493,+0.920
1697385180,+3.46,+21.562, +8.520,+0.921
1697385480,+3.46,+21.554, +8.509,+0.920
1697385780,+3.46,+21.562, +8.521,+0.921
1697386080,+3.46,+21.570, +8.502,+0.920
1697386380,+3.46,+21.570, +8.509,+0.921
1697386680,+3.46,+21.545, +8.523,+0.921
1697386980,+3.46,+21.554, +8.509,+0.920
1697387280,+3.46,+21.562, +8.506,+0.920
1697387580,+3.46,+21.570, +8.497,+0.920
1697387880,+3.46,+21.579, +8.499,+0.920
1697388180,+3.46,+21.562, +8.507,+0.921
1697388480,+3.46,+21.579, +8.503,+0.920
1697388780,+3.46,+21.579, +8.511,+0.921
1697389080,+3.46,+21.587, +8.497,+0.920
1697389380,+3.46,+21.570, +8.503,+0.921
1697389680,+3.46,+21.562, +8.504,+0.920
1697389980,+3.46,+21.570, +8.499,+0.920
1697390280,+3.46,+21.595, +8.501,+0.921
1697390580,+3.46,+21.587, +8.488,+0.920
1697390880,+3.46,+21.562, +8.499,+0.920
1697391180,+3.46,+21.587, +8.492,+0.920
1697391480,+3.46,+21.587, +8.494,+0.920
1697391780,+3.46,+21.604, +8.495,+0.921
1697392080,+3.46,+21.587, +8.500,+0.921
1697392380,+3.46,+21.587, +8.498,+0.920
1697392680,+3.46,+21.595, +8.494,+0.921
1697392980,+3.46,+21.587, +8.488,+0.920
1697393280,+3.46,+21.570, +8.506,+0.921
1697393580,+3.46,+21.587, +8.496,+0.920
1697393880,+3.46,+21.595, +8.500,+0.921
1697394180,+3.46,+21.587, +8.502,+0.921
1697394480,+3.46,+21.587, +8.500,+0.921
1697394780,+3.46,+21.595, +8.490,+0.920
1697395080,+3.46,+21.604, +8.501,+0.921
1697395380,+3.46,+21.595, +8.500,+0.921
1697395680,+3.46,+21.595, +8.487,+0.920
1697395980,+3.46,+21.621, +8.490,+0.920
1697396280,+3.46,+21.612, +8.497,+0.921
1697396580,+3.46,+21.604, +8.493,+0.920
1697396880,+3.46,+21.595, +8.503,+0.921
1697397180,+3.46,+21.612, +8.496,+0.921
1697397480,+3.46,+21.612, +8.488,+0.920
1697397780,+3.46,+21.621, +8.496,+0.921
1697398080,+3.46,+21.604, +8.491,+0.920
1697398380,+3.46,+21.612, +8.499,+0.921
1697398680,+3.46,+21.612, +8.508,+0.921
1697398980,+3.46,+21.621, +8.498,+0.921
1697399280,+3.46,+21.621, +8.495,+0.921
1697399580,+3.46,+21.629, +8.485,+0.920
1697399880,+3.46,+21.621, +8.499,+0.921
1697400180,+3.46,+21.612, +8.505,+0.921
1697400480,+3.46,+21.621, +8.498,+0.920
1697400780,+3.46,+21.621, +8.484,+0.920
1697401080,+3.46,+21.604, +8.505,+0.921
1697401380,+3.46,+21.621, +8.496,+0.921
1697401680,+3.46,+21.621, +8.500,+0.921
1697401980,+3.46,+21.629, +8.500,+0.921
1697402280,+3.46,+21.629, +8.497,+0.921
1697402580,+3.46,+21.629, +8.497,+0.921
1697402880,+3.46,+21.629, +8.485,+0.920
1697403180,+3.46,+21.629, +8.483,+0.920
1697403480,+3.46,+21.637, +8.502,+0.921
1697403780,+3.46,+21.629, +8.504,+0.921
1697404080,+3.46,+21.629, +8.504,+0.921
1697404380,+3.46,+21.629, +8.494,+0.920
1697404680,+3.46,+21.629, +8.492,+0.920
1697404980,+3.46,+21.637, +8.495,+0.921
1697405280,+3.46,+21.637, +8.498,+0.920
1697405580,+3.46,+21.621, +8.495,+0.920
1697405880,+3.46,+21.629, +8.498,+0.920
1697406180,+3.46,+21.629, +8.504,+0.921
1697406480,+3.46,+21.629, +8.501,+0.921
1697406780,+3.46,+21.646, +8.493,+0.920
1697407080,+3.46,+21.629, +8.503,+0.921
1697407380,+3.46,+21.621, +8.510,+0.921
1697407680,+3.46,+21.637, +8.503,+0.920
1697407980,+3.46,+21.629, +8.501,+0.920
1697408280,+3.46,+21.646, +8.482,+0.920
1697408580,+3.46,+21.637, +8.510,+0.921
1697408880,+3.46,+21.646, +8.502,+0.921
1697409180,+3.46,+21.637, +8.499,+0.920
1697409480,+3.46,+21.637, +8.502,+0.920
1697409780,+3.46,+21.637, +8.505,+0.921
1697410080,+3.46,+21.621, +8.507,+0.921
1697410380,+3.46,+21.629, +8.507,+0.921
1697410680,+3.46,+21.637, +8.504,+0.921
1697410980,+3.46,+21.629, +8.501,+0.920
1697411280,+3.46,+21.629, +8.512,+0.921
1697411580,+3.46,+21.629, +8.508,+0.920
1697411880,+3.46,+21.654, +8.506,+0.921
1697412180,+3.46,+21.629, +8.505,+0.920
1697412480,+3.46,+21.629, +8.506,+0.920
1697412780,+3.46,+21.621, +8.509,+0.920
1697413080,+3.46,+21.629, +8.506,+0.920
1697413380,+3.46,+21.629, +8.507,+0.920
1697413680,+3.46,+21.646, +8.515,+0.921
1697413980,+3.46,+21.629, +8.515,+0.921
1697414280,+3.46,+21.637, +8.509,+0.921
1697414580,+3.46,+21.629, +8.512,+0.921
1697414880,+3.46,+21.629, +8.511,+0.921
1697415180,+3.46,+21.629, +8.519,+0.921
1697415480,+3.46,+21.637, +8.508,+0.920
1697415780,+3.46,+21.637, +8.507,+0.920
1697416080,+3.46,+21.612, +8.520,+0.921
1697416380,+3.46,+21.629, +8.518,+0.921
1697416680,+3.46,+21.621, +8.513,+0.920
1697416980,+3.46,+21.629, +8.506,+0.920
1697417280,+3.46,+21.612, +8.528,+0.921
1697417580,+3.46,+21.629, +8.516,+0.921
1697417880,+3.46,+21.612, +8.518,+0.921
1697418180,+3.46,+21.637, +8.503,+0.920
1697418480,+3.46,+21.629, +8.516,+0.921
1697418780,+3.46,+21.612, +8.519,+0.921
1697419080,+3.46,+21.612, +8.523,+0.921
1697419380,+3.46,+21.621, +8.519,+0.921
1697419680,+3.46,+21.621, +8.516,+0.920
1697419980,+3.46,+21.612, +8.525,+0.921
1697420280,+3.46,+21.612, +8.519,+0.920
1697420580,+3.46,+21.612, +8.519,+0.920
1697420880,+3.46,+21.612, +8.511,+0.920
1697421180,+3.46,+21.604, +8.526,+0.921
1697421480,+3.46,+21.604, +8.534,+0.921
1697421780,+3.46,+21.612, +8.524,+0.921
1697422080,+3.46,+21.604, +8.529,+0.921
1697422380,+3.46,+21.612, +8.525,+0.921
1697422680,+3.46,+21.621, +8.511,+0.920
1697422980,+3.46,+21.595, +8.532,+0.921
1697423280,+3.46,+21.604, +8.528,+0.921
1697423580,+3.46,+21.579, +8.533,+0.921
1697423880,+3.46,+21.587, +8.536,+0.921
1697424180,+3.46,+21.604, +8.517,+0.920
1697424480,+3.46,+21.587, +8.524,+0.920
1697424780,+3.46,+21.612, +8.516,+0.920
1697425080,+3.46,+21.595, +8.524,+0.921
1697425380,+3.46,+21.604, +8.518,+0.920
1697425680,+3.46,+21.587, +8.525,+0.920
1697425980,+3.46,+21.595, +8.524,+0.921
1697426280,+3.46,+21.587, +8.537,+0.921
1697426580,+3.46,+21.587, +8.516,+0.920
1697426880,+3.46,+21.579, +8.524,+0.920
1697427180,+3.46,+21.595, +8.523,+0.920
1697427480,+3.46,+21.570, +8.535,+0.921
1697427780,+3.46,+21.595, +8.523,+0.921
1697428080,+3.46,+21.587, +8.523,+0.921
1697428380,+3.46,+21.570, +8.536,+0.921
1697428680,+3.46,+21.587, +8.521,+0.920
1697428980,+3.46,+21.579, +8.525,+0.920
1697429280,+3.46,+21.570, +8.532,+0.921
1697429580,+3.46,+21.579, +8.521,+0.920
1697429880,+3.46,+21.579, +8.533,+0.921
1697430180,+3.46,+21.579, +8.514,+0.920
1697430480,+3.46,+21.570, +8.524,+0.921
1697430780,+3.46,+21.579, +8.522,+0.920
1697431080,+3.46,+21.562, +8.525,+0.920
1697431380,+3.46,+21.570, +8.529,+0.921
1697431680,+3.46,+21.570, +8.526,+0.921
1697431980,+3.46,+21.587, +8.512,+0.920
1697432280,+3.46,+21.562, +8.528,+0.921
1697432580,+3.46,+21.562, +8.525,+0.920
1697432880,+3.46,+21.554, +8.534,+0.921
1697433180,+3.46,+21.529, +8.544,+0.921
1697433480,+3.46,+21.570, +8.527,+0.921
1697433780,+3.46,+21.554, +8.526,+0.920
1697434080,+3.46,+21.554, +8.529,+0.921
1697434380,+3.46,+21.562, +8.523,+0.920
1697434680,+3.46,+21.562, +8.530,+0.921
1697434980,+3.46,+21.545, +8.527,+0.920
1697435280,+3.46,+21.554, +8.523,+0.920
1697435580,+3.46,+21.537, +8.533,+0.921
1697435880,+3.46,+21.529, +8.543,+0.921
1697436180,+3.46,+21.529, +8.536,+0.921
1697436480,+3.46,+21.537, +8.534,+0.920
1697436780,+3.46,+21.537, +8.538,+0.921
1697437080,+3.46,+21.537, +8.542,+0.921
1697437380,+3.46,+21.520, +8.545,+0.921
1697437680,+3.46,+21.545, +8.534,+0.921
1697437980,+3.46,+21.545, +8.549,+0.921
1697438280,+3.46,+21.545, +8.529,+0.920
1697438580,+3.46,+21.520, +8.535,+0.920
1697438880,+3.46,+21.537, +8.544,+0.921
1697439180,+3.46,+21.545, +8.536,+0.921
1697439480,+3.46,+21.537, +8.527,+0.920
1697439780,+3.46,+21.520, +8.540,+0.921
1697440080,+3.46,+21.512, +8.541,+0.921
1697440380,+3.46,+21.495, +8.554,+0.921
1697440680,+3.46,+21.512, +8.530,+0.920
1697440980,+3.46,+21.529, +8.533,+0.921
1697441280,+3.46,+21.503, +8.541,+0.921
1697441580,+3.46,+21.520, +8.537,+0.921
1697441880,+3.46,+21.512, +8.538,+0.921
1697442180,+3.46,+21.512, +8.534,+0.921
1697442480,+3.46,+21.512, +8.525,+0.920
1697442780,+3.46,+21.520, +8.533,+0.921
1697443080,+3.46,+21.503, +8.548,+0.921
1697443380,+3.46,+21.512, +8.530,+0.920
1697443680,+3.46,+21.512, +8.530,+0.920
1697443980,+3.46,+21.503, +8.535,+0.921
1697444280,+3.46,+21.512, +8.524,+0.920
1697444580,+3.46,+21.495, +8.543,+0.921
1697444880,+3.46,+21.487, +8.534,+0.920
1697445180,+3.46,+21.512, +8.532,+0.920
1697445480,+3.46,+21.478, +8.544,+0.921
1697445780,+3.46,+21.503, +8.529,+0.920
1697446080,+3.46,+21.478, +8.536,+0.920
1697446380,+3.46,+21.487, +8.537,+0.920
1697446680,+3.46,+21.478, +8.538,+0.920
1697446980,+3.46,+21.453, +8.546,+0.921
1697447280,+3.46,+21.495, +8.540,+0.921
1697447580,+3.46,+21.470, +8.541,+0.921
1697447880,+3.46,+21.470, +8.541,+0.921
1697448180,+3.46,+21.478, +8.541,+0.921
1697448480,+3.46,+21.478, +8.547,+0.921
1697448780,+3.46,+21.462, +8.554,+0.921
1697449080,+3.46,+21.470, +8.549,+0.921
1697449380,+3.46,+21.470, +8.540,+0.921
1697449680,+3.46,+21.462, +8.553,+0.921
1697449980,+3.46,+21.453, +8.549,+0.921
1697450280,+3.46,+21.470, +8.538,+0.921
1697450580,+3.46,+21.470, +8.539,+0.920
1697450880,+3.46,+21.470, +8.544,+0.921
1697451180,+3.46,+21.462, +8.541,+0.921
1697451480,+3.46,+21.470, +8.534,+0.920
1697451780,+3.46,+21.445, +8.543,+0.920
1697452080,+3.46,+21.453, +8.547,+0.921
1697452380,+3.46,+21.453, +8.533,+0.920
1697452680,+3.46,+21.445, +8.544,+0.920
