7450-562111
OS REV: 1.05 Sensor Cal: 1679419969
Time (sec),  BV (Volts),  T (deg C),  DO (mg/l),  Q ()
1697799780,+3.46,+15.175, +9.720,+0.921
1697800080,+3.46,+15.140, +9.724,+0.921
1697800380,+3.46,+15.115, +9.723,+0.921
1697800680,+3.46,+15.072, +9.722,+0.921
1697800980,+3.46,+15.029, +9.741,+0.921
1697801280,+3.46,+14.994, +9.753,+0.921
1697801580,+3.46,+14.960, +9.757,+0.921
1697801880,+3.47,+14.917, +9.765,+0.921
1697802180,+3.46,+14.900, +9.767,+0.921
1697802480,+3.46,+14.865, +9.768,+0.921
1697802780,+3.47,+14.839, +9.772,+0.921
1697803080,+3.47,+14.788, +9.789,+0.921
1697803380,+3.47,+14.770, +9.799,+0.921
1697803680,+3.47,+14.719, +9.810,+0.921
1697803980,+3.47,+14.684, +9.810,+0.921
1697804280,+3.46,+14.658, +9.821,+0.921
1697804580,+3.46,+14.632, +9.819,+0.921
1697804880,+3.46,+14.589, +9.830,+0.921
1697805180,+3.46,+14.563, +9.846,+0.921
1697805480,+3.46,+14.546, +9.844,+0.921
1697805780,+3.46,+14.520, +9.850,+0.922
1697806080,+3.46,+14.477, +9.856,+0.921
1697806380,+3.46,+14.477, +9.848,+0.921
1697806680,+3.46,+14.468, +9.868,+0.922
1697806980,+3.46,+14.459, +9.859,+0.921
1697807280,+3.46,+14.451, +9.864,+0.922
1697807580,+3.46,+14.442, +9.864,+0.921
1697807880,+3.46,+14.451, +9.858,+0.921
1697808180,+3.46,+14.433, +9.867,+0.921
1697808480,+3.46,+14.442, +9.870,+0.922
1697808780,+3.46,+14.442, +9.853,+0.921
1697809080,+3.46,+14.433, +9.858,+0.921
1697809380,+3.46,+14.442, +9.865,+0.921
1697809680,+3.46,+14.468, +9.844,+0.921
1697809980,+3.46,+14.477, +9.839,+0.921
1697810280,+3.46,+14.485, +9.844,+0.921
1697810580,+3.46,+14.503, +9.848,+0.922
1697810880,+3.46,+14.520, +9.832,+0.921
1697811180,+3.46,+14.529, +9.829,+0.921
1697811480,+3.46,+14.589, +9.809,+0.921
1697811780,+3.46,+14.606, +9.811,+0.921
1697812080,+3.46,+14.649, +9.799,+0.921
1697812380,+3.46,+14.693, +9.791,+0.921
1697812680,+3.46,+14.727, +9.790,+0.921
1697812980,+3.46,+14.813, +9.758,+0.921
1697813280,+3.46,+14.865, +9.746,+0.921
1697813580,+3.46,+14.934, +9.724,+0.920
1697813880,+3.46,+15.011, +9.724,+0.921
1697814180,+3.46,+15.097, +9.694,+0.920
1697814480,+3.46,+15.175, +9.685,+0.921
1697814780,+3.46,+15.278, +9.651,+0.920
1697815080,+3.46,+15.338, +9.639,+0.920
1697815380,+3.46,+15.449, +9.622,+0.920
1697815680,+3.46,+15.569, +9.587,+0.920
1697815980,+3.46,+15.698, +9.557,+0.920
1697816280,+3.46,+15.800, +9.531,+0.920
1697816580,+3.46,+15.928, +9.514,+0.920
1697816880,+3.46,+16.048, +9.479,+0.919
1697817180,+3.46,+16.167, +9.462,+0.920
1697817480,+3.46,+16.312, +9.431,+0.919
1697817780,+3.46,+16.465, +9.396,+0.920
1697818080,+3.46,+16.627, +9.362,+0.919
1697818380,+3.46,+16.788, +9.312,+0.918
1697818680,+3.46,+16.941, +9.280,+0.918
1697818980,+3.46,+17.136, +9.237,+0.918
1697819280,+3.46,+17.322, +9.212,+0.919
1697819580,+3.46,+17.517, +9.167,+0.919
1697819880,+3.45,+17.719, +9.129,+0.918
1697820180,+3.46,+17.905, +9.092,+0.918
1697820480,+3.46,+18.107, +9.046,+0.918
1697820780,+3.46,+18.343, +9.009,+0.918
1697821080,+3.45,+18.545, +8.963,+0.918
1697821380,+3.45,+18.831, +8.909,+0.918
1697821680,+3.46,+19.226, +8.834,+0.917
1697821980,+3.45,+19.553, +8.781,+0.918
1697822280,+3.45,+19.846, +8.747,+0.918
1697822580,+3.46,+20.190, +8.669,+0.918
1697822880,+3.45,+20.491, +8.612,+0.918
1697823180,+3.45,+20.801, +8.555,+0.918
1697823480,+3.45,+21.043, +8.508,+0.918
1697823780,+3.45,+21.253, +8.482,+0.919
1697824080,+3.45,+21.437, +8.437,+0.918
1697824380,+3.45,+21.604, +8.405,+0.918
1697824680,+3.45,+21.746, +8.373,+0.918
1697824980,+3.45,+21.855, +8.364,+0.918
1697825280,+3.45,+21.989, +8.320,+0.917
1697825580,+3.45,+22.081, +8.317,+0.918
1697825880,+3.45,+22.164, +8.306,+0.918
1697826180,+3.45,+22.214, +8.293,+0.918
1697826480,+3.45,+22.273, +8.284,+0.918
1697826780,+3.45,+22.332, +8.282,+0.919
1697827080,+3.45,+22.373, +8.260,+0.918
1697827380,+3.45,+22.424, +8.245,+0.918
1697827680,+3.45,+22.474, +8.241,+0.918
1697827980,+3.45,+22.499, +8.227,+0.918
1697828280,+3.45,+22.532, +8.205,+0.917
1697828580,+3.45,+22.549, +8.216,+0.918
1697828880,+3.45,+22.557, +8.209,+0.918
1697829180,+3.45,+22.583, +8.206,+0.919
1697829480,+3.45,+22.591, +8.204,+0.918
1697829780,+3.45,+22.616, +8.189,+0.918
1697830080,+3.45,+22.624, +8.178,+0.918
1697830380,+3.45,+22.624, +8.170,+0.918
1697830680,+3.45,+22.649, +8.165,+0.918
1697830980,+3.45,+22.649, +8.167,+0.918
1697831280,+3.45,+22.633, +8.170,+0.918
1697831580,+3.45,+22.649, +8.149,+0.917
1697831880,+3.45,+22.649, +8.165,+0.919
1697832180,+3.45,+22.658, +8.149,+0.918
1697832480,+3.45,+22.649, +8.148,+0.918
1697832780,+3.45,+22.649, +8.145,+0.918
1697833080,+3.45,+22.649, +8.145,+0.918
1697833380,+3.46,+22.658, +8.136,+0.918
1697833680,+3.46,+22.666, +8.133,+0.918
1697833980,+3.46,+22.633, +8.136,+0.918
1697834280,+3.46,+22.649, +8.128,+0.918
1697834580,+3.46,+22.649, +8.120,+0.918
1697834880,+3.46,+22.649, +8.128,+0.918
1697835180,+3.46,+22.616, +8.133,+0.918
1697835480,+3.46,+22.624, +8.123,+0.918
1697835780,+3.46,+22.624, +8.117,+0.918
1697836080,+3.46,+22.624, +8.123,+0.919
1697836380,+3.46,+22.599, +8.118,+0.918
1697836680,+3.46,+22.608, +8.110,+0.918
1697836980,+3.46,+22.591, +8.109,+0.918
1697837280,+3.46,+22.591, +8.114,+0.919
1697837580,+3.46,+22.574, +8.113,+0.919
1697837880,+3.46,+22.566, +8.116,+0.919
1697838180,+3.46,+22.549, +8.109,+0.918
1697838480,+3.46,+22.549, +8.106,+0.918
1697838780,+3.46,+22.549, +8.098,+0.918
1697839080,+3.46,+22.532, +8.101,+0.918
1697839380,+3.46,+22.507, +8.100,+0.918
1697839680,+3.46,+22.507, +8.100,+0.918
1697839980,+3.46,+22.490, +8.096,+0.918
1697840280,+3.46,+22.499, +8.086,+0.918
1697840580,+3.46,+22.474, +8.099,+0.918
1697840880,+3.46,+22.482, +8.094,+0.919
1697841180,+3.46,+22.457, +8.104,+0.919
1697841480,+3.46,+22.440, +8.100,+0.919
1697841780,+3.46,+22.440, +8.097,+0.918
1697842080,+3.46,+22.432, +8.095,+0.918
1697842380,+3.46,+22.424, +8.077,+0.918
1697842680,+3.46,+22.398, +8.089,+0.918
1697842980,+3.46,+22.407, +8.084,+0.918
1697843280,+3.46,+22.398, +8.089,+0.918
1697843580,+3.46,+22.398, +8.077,+0.918
1697843880,+3.46,+22.382, +8.082,+0.919
1697844180,+3.46,+22.365, +8.079,+0.918
1697844480,+3.46,+22.357, +8.079,+0.918
1697844780,+3.46,+22.348, +8.074,+0.918
1697845080,+3.46,+22.357, +8.115,+0.919
1697845380,+3.46,+22.348, +8.119,+0.919
1697845680,+3.46,+22.332, +8.128,+0.919
1697845980,+3.46,+22.323, +8.123,+0.918
1697846280,+3.46,+22.332, +8.135,+0.918
1697846580,+3.46,+22.290, +8.142,+0.918
1697846880,+3.46,+22.315, +8.156,+0.919
1697847180,+3.46,+22.281, +8.158,+0.918
1697847480,+3.46,+22.281, +8.157,+0.918
1697847780,+3.46,+22.273, +8.173,+0.919
1697848080,+3.46,+22.281, +8.168,+0.918
1697848380,+3.46,+22.273, +8.169,+0.918
1697848680,+3.46,+22.265, +8.197,+0.919
1697848980,+3.46,+22.273, +8.181,+0.919
1697849280,+3.46,+22.248, +8.198,+0.918
1697849580,+3.46,+22.239, +8.203,+0.919
1697849880,+3.46,+22.239, +8.198,+0.918
1697850180,+3.46,+22.223, +8.207,+0.918
1697850480,+3.46,+22.206, +8.212,+0.918
1697850780,+3.46,+22.214, +8.208,+0.918
1697851080,+3.46,+22.223, +8.221,+0.919
1697851380,+3.46,+22.223, +8.221,+0.919
1697851680,+3.46,+22.198, +8.227,+0.918
1697851980,+3.46,+22.206, +8.227,+0.918
1697852280,+3.46,+22.189, +8.231,+0.918
1697852580,+3.46,+22.206, +8.230,+0.918
1697852880,+3.46,+22.198, +8.231,+0.918
1697853180,+3.46,+22.181, +8.244,+0.919
1697853480,+3.46,+22.173, +8.243,+0.918
1697853780,+3.46,+22.181, +8.241,+0.918
1697854080,+3.46,+22.156, +8.247,+0.918
1697854380,+3.46,+22.164, +8.251,+0.919
1697854680,+3.46,+22.156, +8.253,+0.918
1697854980,+3.46,+22.139, +8.267,+0.919
1697855280,+3.46,+22.147, +8.267,+0.919
1697855580,+3.46,+22.156, +8.263,+0.919
1697855880,+3.46,+22.131, +8.271,+0.919
1697856180,+3.46,+22.139, +8.264,+0.918
1697856480,+3.46,+22.114, +8.274,+0.919
1697856780,+3.46,+22.131, +8.267,+0.919
1697857080,+3.46,+22.114, +8.272,+0.918
1697857380,+3.46,+22.114, +8.281,+0.919
1697857680,+3.46,+22.097, +8.276,+0.918
1697857980,+3.46,+22.106, +8.274,+0.918
1697858280,+3.46,+22.114, +8.266,+0.918
1697858580,+3.46,+22.106, +8.273,+0.918
1697858880,+3.46,+22.097, +8.279,+0.918
1697859180,+3.46,+22.106, +8.273,+0.918
1697859480,+3.46,+22.089, +8.280,+0.918
1697859780,+3.46,+22.072, +8.294,+0.919
1697860080,+3.46,+22.081, +8.294,+0.919
1697860380,+3.46,+22.081, +8.294,+0.919
1697860680,+3.46,+22.081, +8.291,+0.919
1697860980,+3.46,+22.072, +8.293,+0.919
1697861280,+3.46,+22.072, +8.287,+0.919
1697861580,+3.46,+22.072, +8.290,+0.919
1697861880,+3.46,+22.064, +8.284,+0.918
1697862180,+3.46,+22.064, +8.285,+0.918
1697862480,+3.46,+22.055, +8.271,+0.918
1697862780,+3.46,+22.047, +8.286,+0.919
1697863080,+3.46,+22.064, +8.284,+0.919
1697863380,+3.46,+22.047, +8.283,+0.918
1697863680,+3.46,+22.064, +8.281,+0.919
1697863980,+3.46,+22.047, +8.282,+0.918
1697864280,+3.46,+22.047, +8.281,+0.918
1697864580,+3.46,+22.022, +8.303,+0.919
1697864880,+3.46,+22.047, +8.279,+0.918
1697865180,+3.46,+22.039, +8.285,+0.918
1697865480,+3.46,+22.030, +8.284,+0.918
1697865780,+3.46,+22.039, +8.281,+0.918
1697866080,+3.46,+22.030, +8.287,+0.918
1697866380,+3.46,+22.022, +8.292,+0.918
1697866680,+3.46,+22.022, +8.300,+0.919
1697866980,+3.46,+22.014, +8.293,+0.918
1697867280,+3.46,+22.014, +8.306,+0.919
1697867580,+3.46,+22.014, +8.294,+0.918
1697867880,+3.46,+22.014, +8.291,+0.918
1697868180,+3.46,+22.030, +8.297,+0.919
1697868480,+3.46,+22.005, +8.296,+0.918
1697868780,+3.46,+21.997, +8.318,+0.919
1697869080,+3.46,+22.022, +8.293,+0.918
1697869380,+3.46,+21.997, +8.306,+0.919
1697869680,+3.46,+22.005, +8.310,+0.919
1697869980,+3.46,+21.997, +8.299,+0.918
1697870280,+3.46,+22.005, +8.305,+0.919
1697870580,+3.46,+21.980, +8.307,+0.918
1697870880,+3.46,+21.997, +8.299,+0.918
1697871180,+3.46,+21.997, +8.305,+0.919
1697871480,+3.46,+21.980, +8.304,+0.918
1697871780,+3.46,+21.989, +8.306,+0.919
1697872080,+3.46,+21.997, +8.300,+0.918
1697872380,+3.46,+21.972, +8.304,+0.918
1697872680,+3.46,+21.963, +8.316,+0.918
1697872980,+3.46,+21.980, +8.307,+0.918
1697873280,+3.46,+21.989, +8.300,+0.918
1697873580,+3.46,+21.963, +8.323,+0.919
1697873880,+3.46,+21.972, +8.319,+0.919
1697874180,+3.46,+21.963, +8.315,+0.919
1697874480,+3.46,+21.972, +8.317,+0.919
1697874780,+3.46,+21.963, +8.318,+0.919
1697875080,+3.46,+21.963, +8.310,+0.918
1697875380,+3.46,+21.963, +8.315,+0.918
1697875680,+3.46,+21.955, +8.315,+0.918
1697875980,+3.46,+21.947, +8.321,+0.919
1697876280,+3.46,+21.972, +8.317,+0.919
1697876580,+3.46,+21.955, +8.312,+0.918
1697876880,+3.46,+21.947, +8.319,+0.918
1697877180,+3.46,+21.922, +8.327,+0.919
1697877480,+3.46,+21.955, +8.324,+0.919
1697877780,+3.46,+21.938, +8.326,+0.918
1697878080,+3.46,+21.938, +8.314,+0.918
1697878380,+3.46,+21.955, +8.307,+0.918
1697878680,+3.46,+21.947, +8.328,+0.919
1697878980,+3.46,+21.938, +8.322,+0.918
1697879280,+3.46,+21.938, +8.324,+0.918
1697879580,+3.46,+21.922, +8.329,+0.918
1697879880,+3.46,+21.922, +8.325,+0.918
1697880180,+3.46,+21.922, +8.327,+0.918
1697880480,+3.46,+21.930, +8.329,+0.919
1697880780,+3.46,+21.922, +8.334,+0.919
1697881080,+3.46,+21.922, +8.323,+0.918
1697881380,+3.46,+21.922, +8.330,+0.918
1697881680,+3.46,+21.930, +8.330,+0.919
1697881980,+3.46,+21.922, +8.328,+0.918
1697882280,+3.46,+21.913, +8.328,+0.918
1697882580,+3.46,+21.905, +8.342,+0.919
1697882880,+3.46,+21.913, +8.329,+0.918
1697883180,+3.46,+21.905, +8.340,+0.919
1697883480,+3.46,+21.913, +8.336,+0.919
1697883780,+3.46,+21.905, +8.334,+0.918
1697884080,+3.46,+21.905, +8.330,+0.918
1697884380,+3.46,+21.880, +8.336,+0.918
1697884680,+3.46,+21.897, +8.333,+0.918
1697884980,+3.46,+21.888, +8.350,+0.919
1697885280,+3.46,+21.880, +8.346,+0.919
1697885580,+3.46,+21.888, +8.343,+0.919
1697885880,+3.46,+21.871, +8.348,+0.918
1697886180,+3.46,+21.888, +8.339,+0.918
