7450-562111
OS REV: 1.05 Sensor Cal: 1679419969
Time (sec),  BV (Volts),  T (deg C),  DO (mg/l),  Q ()
1697106180,+3.46,+16.346, +9.056,+0.922
1697106480,+3.46,+16.304, +9.066,+0.922
1697106780,+3.46,+16.287, +9.055,+0.921
1697107080,+3.46,+16.287, +9.074,+0.922
1697107380,+3.46,+16.252, +9.068,+0.922
1697107680,+3.46,+16.261, +9.055,+0.921
1697107980,+3.46,+16.235, +9.068,+0.922
1697108280,+3.46,+16.210, +9.079,+0.922
1697108580,+3.46,+16.295, +9.060,+0.922
1697108880,+3.46,+16.414, +9.046,+0.922
1697109180,+3.46,+16.414, +9.030,+0.922
1697109480,+3.46,+16.338, +9.037,+0.922
1697109780,+3.46,+16.287, +9.039,+0.921
1697110080,+3.46,+16.304, +9.047,+0.922
1697110380,+3.46,+16.397, +9.018,+0.922
1697110680,+3.46,+16.508, +8.997,+0.922
1697110980,+3.46,+16.567, +8.985,+0.922
1697111280,+3.46,+16.601, +8.969,+0.921
1697111580,+3.46,+16.584, +8.989,+0.922
1697111880,+3.46,+16.618, +8.960,+0.921
1697112180,+3.46,+16.661, +8.963,+0.922
1697112480,+3.46,+16.678, +8.944,+0.921
1697112780,+3.46,+16.797, +8.921,+0.921
1697113080,+3.46,+16.924, +8.895,+0.921
1697113380,+3.46,+17.085, +8.873,+0.922
1697113680,+3.46,+17.246, +8.833,+0.921
1697113980,+3.46,+17.432, +8.802,+0.921
1697114280,+3.46,+17.593, +8.773,+0.921
1697114580,+3.46,+17.762, +8.731,+0.921
1697114880,+3.46,+17.922, +8.715,+0.921
1697115180,+3.46,+18.048, +8.684,+0.921
1697115480,+3.46,+18.217, +8.643,+0.920
1697115780,+3.46,+18.335, +8.631,+0.921
1697116080,+3.46,+18.242, +8.642,+0.920
1697116380,+3.46,+18.183, +8.655,+0.921
1697116680,+3.46,+18.208, +8.645,+0.921
1697116980,+3.46,+18.293, +8.628,+0.920
1697117280,+3.46,+18.360, +8.615,+0.921
1697117580,+3.46,+18.377, +8.614,+0.921
1697117880,+3.46,+18.394, +8.603,+0.921
1697118180,+3.46,+18.469, +8.585,+0.920
1697118480,+3.46,+18.520, +8.571,+0.921
1697118780,+3.46,+18.587, +8.546,+0.920
1697119080,+3.46,+18.982, +9.028,+0.920
1697119380,+3.46,+18.528, +9.140,+0.920
1697119680,+3.46,+18.612, +9.098,+0.920
1697119980,+3.46,+18.663, +9.112,+0.921
1697120280,+3.46,+18.814, +9.061,+0.920
1697120580,+3.46,+18.907, +9.066,+0.921
1697120880,+3.46,+19.041, +9.042,+0.920
1697121180,+3.46,+19.561, +9.645,+0.920
1697121480,+3.46,+19.737, +9.675,+0.920
1697121780,+3.45,+19.905, +9.645,+0.920
1697122080,+3.45,+19.939, +9.690,+0.921
1697122380,+3.46,+19.997, +9.793,+0.920
1697122680,+3.46,+20.022, +9.817,+0.921
1697122980,+3.46,+20.056, +9.873,+0.921
1697123280,+3.46,+20.022, +9.954,+0.920
1697123580,+3.46,+20.073,+10.040,+0.920
1697123880,+3.46,+20.089,+10.150,+0.920
1697124180,+3.46,+20.198,+10.249,+0.921
1697124480,+3.46,+20.207,+10.239,+0.920
1697124780,+3.46,+20.223,+10.342,+0.921
1697125080,+3.46,+20.341,+10.392,+0.920
1697125380,+3.46,+20.324,+10.591,+0.921
1697125680,+3.46,+20.299,+10.696,+0.920
1697125980,+3.46,+20.324,+10.828,+0.920
1697126280,+3.46,+20.399,+10.873,+0.921
1697126580,+3.46,+20.441,+10.971,+0.920
1697126880,+3.46,+20.491,+11.126,+0.921
1697127180,+3.46,+20.533,+11.222,+0.921
1697127480,+3.46,+20.525,+11.431,+0.921
1697127780,+3.46,+20.608,+11.442,+0.921
1697128080,+3.46,+20.684,+11.542,+0.920
1697128380,+3.46,+20.583,+11.660,+0.920
1697128680,+3.46,+20.567,+11.793,+0.921
1697128980,+3.46,+20.650,+11.904,+0.921
1697129280,+3.45,+20.826,+12.009,+0.921
1697129580,+3.45,+20.893,+12.115,+0.921
1697129880,+3.45,+20.943,+12.162,+0.921
1697130180,+3.45,+20.993,+12.339,+0.921
1697130480,+3.45,+21.069,+12.514,+0.922
1697130780,+3.45,+20.985,+12.566,+0.921
1697131080,+3.45,+20.943,+12.851,+0.922
1697131380,+3.46,+21.135,+12.837,+0.920
1697131680,+3.46,+21.202,+12.998,+0.922
1697131980,+3.46,+21.294,+13.031,+0.921
1697132280,+3.46,+21.345,+13.222,+0.922
1697132580,+3.46,+21.428,+13.202,+0.921
1697132880,+3.46,+21.470,+13.277,+0.922
1697133180,+3.46,+22.348, +8.477,+0.920
1697133480,+3.45,+25.419, +8.048,+0.920
1697133780,+3.45,+26.373, +7.915,+0.920
1697134080,+3.45,+26.551, +7.905,+0.921
1697134380,+3.45,+26.508, +7.865,+0.920
1697134680,+3.45,+25.976, +7.864,+0.919
1697134980,+3.45,+25.419, +7.937,+0.919
1697135280,+3.45,+25.116, +8.003,+0.919
1697135580,+3.46,+24.771, +8.060,+0.919
1697135880,+3.45,+24.242, +8.140,+0.920
1697136180,+3.45,+23.923, +8.236,+0.920
1697136480,+3.46,+23.822, +8.251,+0.920
1697136780,+3.46,+23.629, +8.276,+0.921
1697137080,+3.46,+23.361, +8.352,+0.920
1697137380,+3.46,+23.035, +8.345,+0.920
1697137680,+3.46,+22.800, +8.389,+0.920
1697137980,+3.46,+23.545, +8.291,+0.919
1697138280,+3.46,+23.822, +8.193,+0.920
1697138580,+3.46,+23.856, +8.188,+0.920
1697138880,+3.46,+23.914, +8.186,+0.920
1697139180,+3.46,+23.923, +8.183,+0.920
1697139480,+3.46,+23.898, +8.186,+0.920
1697139780,+3.46,+23.914, +8.193,+0.920
1697140080,+3.46,+24.015, +8.184,+0.920
1697140380,+3.45,+24.225, +8.131,+0.920
1697140680,+3.46,+24.351, +8.111,+0.920
1697140980,+3.45,+24.233, +8.119,+0.920
1697141280,+3.46,+23.252, +8.296,+0.921
1697141580,+3.46,+22.817, +8.343,+0.920
1697141880,+3.46,+22.549, +8.385,+0.920
1697142180,+3.46,+22.407, +8.410,+0.920
1697142480,+3.46,+22.281, +8.428,+0.920
1697142780,+3.46,+22.147, +8.444,+0.920
1697143080,+3.46,+22.022, +8.422,+0.919
1697143380,+3.46,+21.972, +8.449,+0.920
1697143680,+3.46,+21.913, +8.453,+0.919
1697143980,+3.46,+21.888, +8.475,+0.920
1697144280,+3.46,+21.880, +8.476,+0.920
1697144580,+3.46,+21.897, +8.474,+0.920
1697144880,+3.46,+21.930, +8.470,+0.921
1697145180,+3.46,+21.938, +8.483,+0.921
1697145480,+3.46,+21.938, +8.470,+0.921
1697145780,+3.46,+21.930, +8.476,+0.921
1697146080,+3.46,+21.905, +8.484,+0.921
1697146380,+3.46,+21.888, +8.461,+0.920
1697146680,+3.46,+21.871, +8.469,+0.920
1697146980,+3.46,+21.871, +8.463,+0.920
1697147280,+3.46,+21.830, +8.469,+0.920
1697147580,+3.46,+21.830, +8.468,+0.920
1697147880,+3.46,+21.796, +8.484,+0.920
1697148180,+3.46,+21.796, +8.480,+0.920
1697148480,+3.46,+21.771, +8.480,+0.920
1697148780,+3.46,+21.763, +8.476,+0.920
1697149080,+3.46,+21.738, +8.477,+0.920
1697149380,+3.46,+21.721, +8.493,+0.921
1697149680,+3.46,+21.704, +8.488,+0.920
1697149980,+3.46,+21.696, +8.486,+0.920
1697150280,+3.46,+21.687, +8.498,+0.920
1697150580,+3.46,+21.687, +8.494,+0.920
1697150880,+3.46,+21.687, +8.494,+0.920
1697151180,+3.46,+21.671, +8.492,+0.920
1697151480,+3.46,+21.662, +8.496,+0.920
1697151780,+3.46,+21.671, +8.485,+0.920
1697152080,+3.46,+21.662, +8.490,+0.920
1697152380,+3.46,+21.662, +8.501,+0.920
1697152680,+3.46,+21.662, +8.494,+0.920
1697152980,+3.46,+21.654, +8.501,+0.920
1697153280,+3.46,+21.654, +8.507,+0.921
1697153580,+3.46,+21.662, +8.493,+0.920
1697153880,+3.46,+21.654, +8.503,+0.920
1697154180,+3.46,+21.662, +8.498,+0.920
1697154480,+3.46,+21.646, +8.509,+0.920
1697154780,+3.46,+21.654, +8.502,+0.920
1697155080,+3.46,+21.646, +8.515,+0.920
1697155380,+3.46,+21.646, +8.502,+0.920
1697155680,+3.46,+21.654, +8.518,+0.921
1697155980,+3.46,+21.654, +8.525,+0.921
1697156280,+3.46,+21.654, +8.509,+0.920
1697156580,+3.46,+21.662, +8.510,+0.920
1697156880,+3.46,+21.654, +8.525,+0.920
1697157180,+3.46,+21.662, +8.523,+0.921
1697157480,+3.46,+21.646, +8.531,+0.921
1697157780,+3.46,+21.621, +8.538,+0.920
1697158080,+3.46,+21.637, +8.522,+0.920
1697158380,+3.46,+21.637, +8.527,+0.920
1697158680,+3.46,+21.621, +8.544,+0.920
1697158980,+3.46,+21.595, +8.540,+0.920
1697159280,+3.46,+21.579, +8.543,+0.920
1697159580,+3.46,+21.579, +8.547,+0.920
1697159880,+3.46,+21.562, +8.546,+0.920
1697160180,+3.46,+21.562, +8.556,+0.920
1697160480,+3.46,+21.554, +8.544,+0.919
1697160780,+3.46,+21.520, +8.563,+0.920
1697161080,+3.46,+21.529, +8.566,+0.921
1697161380,+3.46,+21.512, +8.568,+0.920
1697161680,+3.46,+21.495, +8.570,+0.920
1697161980,+3.46,+21.470, +8.580,+0.920
1697162280,+3.46,+21.470, +8.569,+0.920
1697162580,+3.46,+21.453, +8.570,+0.920
1697162880,+3.46,+21.437, +8.587,+0.920
1697163180,+3.46,+21.420, +8.579,+0.920
1697163480,+3.46,+21.420, +8.582,+0.920
1697163780,+3.46,+21.411, +8.584,+0.920
1697164080,+3.46,+21.386, +8.594,+0.920
1697164380,+3.46,+21.386, +8.592,+0.920
1697164680,+3.46,+21.361, +8.599,+0.920
1697164980,+3.46,+21.361, +8.596,+0.920
1697165280,+3.46,+21.319, +8.610,+0.920
1697165580,+3.46,+21.345, +8.610,+0.921
1697165880,+3.46,+21.303, +8.614,+0.920
1697166180,+3.46,+21.286, +8.619,+0.920
1697166480,+3.46,+21.286, +8.610,+0.920
1697166780,+3.46,+21.261, +8.615,+0.920
1697167080,+3.46,+21.244, +8.621,+0.920
1697167380,+3.46,+21.236, +8.618,+0.920
1697167680,+3.46,+21.227, +8.615,+0.920
1697167980,+3.46,+21.219, +8.619,+0.920
1697168280,+3.46,+21.219, +8.612,+0.920
1697168580,+3.46,+21.186, +8.625,+0.920
1697168880,+3.46,+21.186, +8.633,+0.920
1697169180,+3.46,+21.177, +8.629,+0.921
1697169480,+3.46,+21.161, +8.637,+0.920
1697169780,+3.46,+21.144, +8.630,+0.920
1697170080,+3.46,+21.144, +8.632,+0.920
1697170380,+3.46,+21.135, +8.635,+0.920
1697170680,+3.46,+21.119, +8.639,+0.920
1697170980,+3.46,+21.094, +8.650,+0.920
1697171280,+3.46,+21.085, +8.646,+0.920
1697171580,+3.46,+21.085, +8.643,+0.920
1697171880,+3.46,+21.069, +8.657,+0.921
1697172180,+3.46,+21.060, +8.646,+0.920
1697172480,+3.46,+21.035, +8.658,+0.921
1697172780,+3.46,+21.027, +8.649,+0.920
1697173080,+3.46,+21.018, +8.659,+0.921
1697173380,+3.46,+20.977, +8.668,+0.921
1697173680,+3.46,+20.977, +8.660,+0.920
1697173980,+3.46,+20.951, +8.673,+0.920
1697174280,+3.46,+20.960, +8.662,+0.920
1697174580,+3.46,+20.943, +8.664,+0.920
1697174880,+3.46,+20.926, +8.673,+0.920
1697175180,+3.46,+20.901, +8.685,+0.921
1697175480,+3.46,+20.884, +8.680,+0.920
1697175780,+3.46,+20.910, +8.676,+0.920
1697176080,+3.46,+20.868, +8.682,+0.920
1697176380,+3.46,+20.859, +8.682,+0.920
1697176680,+3.46,+20.851, +8.685,+0.920
1697176980,+3.46,+20.834, +8.688,+0.920
1697177280,+3.46,+20.809, +8.691,+0.920
1697177580,+3.46,+20.834, +8.686,+0.920
1697177880,+3.46,+20.809, +8.694,+0.920
1697178180,+3.46,+20.792, +8.689,+0.920
1697178480,+3.46,+20.784, +8.713,+0.921
1697178780,+3.46,+20.776, +8.702,+0.920
1697179080,+3.46,+20.759, +8.703,+0.921
1697179380,+3.46,+20.734, +8.703,+0.920
1697179680,+3.46,+20.734, +8.719,+0.921
1697179980,+3.46,+20.709, +8.707,+0.920
1697180280,+3.46,+20.717, +8.708,+0.920
1697180580,+3.46,+20.692, +8.716,+0.921
1697180880,+3.46,+20.700, +8.707,+0.920
1697181180,+3.46,+20.675, +8.728,+0.921
1697181480,+3.46,+20.659, +8.723,+0.921
1697181780,+3.46,+20.659, +8.720,+0.921
1697182080,+3.46,+20.650, +8.724,+0.921
1697182380,+3.46,+20.633, +8.726,+0.921
1697182680,+3.46,+20.600, +8.731,+0.920
1697182980,+3.46,+20.608, +8.729,+0.921
1697183280,+3.46,+20.583, +8.740,+0.921
1697183580,+3.46,+20.558, +8.748,+0.921
1697183880,+3.46,+20.550, +8.729,+0.920
1697184180,+3.46,+20.541, +8.740,+0.921
1697184480,+3.46,+20.525, +8.742,+0.920
1697184780,+3.46,+20.525, +8.749,+0.921
1697185080,+3.46,+20.525, +8.731,+0.920
1697185380,+3.46,+20.491, +8.752,+0.920
1697185680,+3.46,+20.491, +8.759,+0.921
1697185980,+3.46,+20.474, +8.753,+0.920
1697186280,+3.46,+20.466, +8.747,+0.920
1697186580,+3.46,+20.466, +8.750,+0.920
1697186880,+3.46,+20.441, +8.761,+0.921
1697187180,+3.46,+20.407, +8.771,+0.921
1697187480,+3.46,+20.416, +8.768,+0.921
1697187780,+3.46,+20.391, +8.779,+0.921
1697188080,+3.46,+20.382, +8.777,+0.921
1697188380,+3.46,+20.374, +8.766,+0.920
1697188680,+3.46,+20.366, +8.768,+0.920
1697188980,+3.46,+20.366, +8.762,+0.920
1697189280,+3.46,+20.324, +8.780,+0.921
1697189580,+3.46,+20.324, +8.782,+0.920
1697189880,+3.46,+20.315, +8.773,+0.920
1697190180,+3.46,+20.299, +8.783,+0.920
1697190480,+3.46,+20.290, +8.781,+0.920
1697190780,+3.46,+20.265, +8.787,+0.920
1697191080,+3.46,+20.248, +8.783,+0.920
1697191380,+3.46,+20.248, +8.802,+0.921
1697191680,+3.46,+20.207, +8.802,+0.921
1697191980,+3.46,+20.215, +8.794,+0.920
1697192280,+3.46,+20.181, +8.816,+0.921
1697192580,+3.47,+20.181, +8.805,+0.921
