7450-562111
OS REV: 1.05 Sensor Cal: 1679419969
Time (sec),  BV (Volts),  T (deg C),  DO (mg/l),  Q ()
1697192880,+3.46,+20.181, +8.802,+0.920
1697193180,+3.46,+20.165, +8.808,+0.920
1697193480,+3.47,+20.140, +8.809,+0.920
1697193780,+3.46,+20.131, +8.808,+0.920
1697194080,+3.46,+20.131, +8.823,+0.921
1697194380,+3.46,+20.098, +8.828,+0.921
1697194680,+3.46,+20.098, +8.817,+0.920
1697194980,+3.46,+20.098, +8.828,+0.921
1697195280,+3.46,+20.064, +8.829,+0.920
1697195580,+3.46,+20.081, +8.828,+0.920
1697195880,+3.46,+20.073, +8.830,+0.920
1697196180,+3.46,+20.089, +8.831,+0.921
1697196480,+3.46,+20.081, +8.834,+0.921
1697196780,+3.46,+20.098, +8.832,+0.921
1697197080,+3.46,+20.140, +8.816,+0.920
1697197380,+3.46,+20.123, +8.826,+0.921
1697197680,+3.46,+20.123, +8.822,+0.921
1697197980,+3.46,+20.006, +8.842,+0.921
1697198280,+3.46,+19.863, +8.870,+0.921
1697198580,+3.46,+19.746, +8.896,+0.920
1697198880,+3.46,+19.620, +8.915,+0.920
1697199180,+3.46,+19.528, +8.923,+0.920
1697199480,+3.46,+19.444, +8.932,+0.920
1697199780,+3.46,+19.343, +8.938,+0.920
1697200080,+3.46,+19.285, +8.948,+0.920
1697200380,+3.47,+19.217, +8.963,+0.920
1697200680,+3.47,+19.175, +8.958,+0.920
1697200980,+3.47,+19.133, +8.951,+0.920
1697201280,+3.47,+19.083, +8.971,+0.920
1697201580,+3.47,+19.049, +8.987,+0.921
1697201880,+3.47,+19.049, +8.985,+0.921
1697202180,+3.47,+19.033, +8.985,+0.921
1697202480,+3.47,+19.024, +8.972,+0.920
1697202780,+3.47,+19.041, +8.985,+0.921
1697203080,+3.47,+19.058, +9.010,+0.921
1697203380,+3.47,+19.066, +9.014,+0.921
1697203680,+3.47,+19.066, +9.007,+0.921
1697203980,+3.47,+19.058, +9.008,+0.921
1697204280,+3.46,+19.091, +8.964,+0.920
1697204580,+3.47,+19.142, +8.998,+0.921
1697204880,+3.46,+19.167, +8.978,+0.920
1697205180,+3.46,+19.192, +8.960,+0.921
1697205480,+3.46,+19.243, +8.985,+0.921
1697205780,+3.46,+19.293, +8.941,+0.921
1697206080,+3.46,+19.335, +8.918,+0.920
1697206380,+3.46,+19.377, +8.950,+0.920
1697206680,+3.46,+19.427, +8.961,+0.921
1697206980,+3.46,+19.486, +8.917,+0.920
1697207280,+3.46,+19.528, +8.934,+0.921
1697207580,+3.46,+19.570, +8.896,+0.920
1697207880,+3.46,+19.628, +8.917,+0.920
1697208180,+3.46,+19.687, +8.921,+0.921
1697208480,+3.46,+19.712, +8.909,+0.920
1697208780,+3.46,+19.788, +8.866,+0.920
1697209080,+3.46,+19.813, +8.864,+0.920
1697209380,+3.46,+19.871, +8.857,+0.920
1697209680,+3.46,+19.922, +8.831,+0.920
1697209980,+3.46,+19.972, +8.875,+0.921
1697210280,+3.46,+20.056, +8.852,+0.920
1697210580,+3.46,+20.106, +8.819,+0.920
1697210880,+3.46,+20.148, +8.806,+0.920
1697211180,+3.46,+20.215, +8.806,+0.920
1697211480,+3.46,+20.299, +8.782,+0.920
1697211780,+3.46,+20.341, +8.809,+0.920
1697212080,+3.46,+20.407, +8.800,+0.921
1697212380,+3.46,+20.483, +8.787,+0.920
1697212680,+3.46,+20.642, +8.743,+0.920
1697212980,+3.46,+20.767, +8.732,+0.921
1697213280,+3.46,+20.851, +8.716,+0.921
1697213580,+3.46,+20.918, +8.695,+0.920
1697213880,+3.46,+20.985, +8.684,+0.920
1697214180,+3.46,+21.018, +8.671,+0.920
1697214480,+3.46,+21.085, +8.658,+0.920
1697214780,+3.46,+21.135, +8.645,+0.920
1697215080,+3.46,+21.161, +8.646,+0.920
1697215380,+3.46,+21.202, +8.647,+0.920
1697215680,+3.46,+21.227, +8.636,+0.920
1697215980,+3.46,+21.261, +8.639,+0.920
1697216280,+3.46,+21.303, +8.636,+0.920
1697216580,+3.46,+21.328, +8.623,+0.920
1697216880,+3.46,+21.353, +8.613,+0.920
1697217180,+3.46,+21.370, +8.614,+0.920
1697217480,+3.46,+21.378, +8.615,+0.920
1697217780,+3.46,+21.411, +8.601,+0.920
1697218080,+3.46,+21.411, +8.607,+0.920
1697218380,+3.46,+21.445, +8.601,+0.920
1697218680,+3.46,+21.445, +8.605,+0.920
1697218980,+3.46,+21.462, +8.604,+0.920
1697219280,+3.46,+21.462, +8.591,+0.919
1697219580,+3.46,+21.478, +8.599,+0.920
1697219880,+3.46,+21.495, +8.585,+0.920
1697220180,+3.46,+21.503, +8.582,+0.920
1697220480,+3.46,+21.503, +8.582,+0.920
1697220780,+3.46,+21.520, +8.596,+0.921
1697221080,+3.46,+21.520, +8.580,+0.920
1697221380,+3.46,+21.520, +8.581,+0.920
1697221680,+3.46,+21.545, +8.576,+0.920
1697221980,+3.46,+21.537, +8.572,+0.920
1697222280,+3.46,+21.537, +8.577,+0.920
1697222580,+3.46,+21.545, +8.569,+0.920
1697222880,+3.46,+21.554, +8.584,+0.920
1697223180,+3.46,+21.554, +8.576,+0.920
1697223480,+3.46,+21.562, +8.578,+0.920
1697223780,+3.46,+21.570, +8.573,+0.920
1697224080,+3.46,+21.570, +8.573,+0.920
1697224380,+3.46,+21.579, +8.562,+0.920
1697224680,+3.46,+21.587, +8.563,+0.920
1697224980,+3.46,+21.587, +8.567,+0.920
1697225280,+3.46,+21.587, +8.576,+0.921
1697225580,+3.46,+21.587, +8.569,+0.920
1697225880,+3.46,+21.587, +8.579,+0.921
1697226180,+3.46,+21.604, +8.557,+0.920
1697226480,+3.46,+21.587, +8.569,+0.920
1697226780,+3.46,+21.587, +8.575,+0.921
1697227080,+3.46,+21.595, +8.565,+0.920
1697227380,+3.46,+21.587, +8.562,+0.920
1697227680,+3.46,+21.604, +8.565,+0.920
1697227980,+3.46,+21.612, +8.569,+0.921
1697228280,+3.46,+21.587, +8.567,+0.920
1697228580,+3.46,+21.612, +8.566,+0.921
1697228880,+3.46,+21.595, +8.570,+0.921
1697229180,+3.46,+21.587, +8.569,+0.921
1697229480,+3.46,+21.604, +8.558,+0.920
1697229780,+3.46,+21.595, +8.561,+0.920
1697230080,+3.46,+21.604, +8.566,+0.920
1697230380,+3.46,+21.587, +8.562,+0.920
1697230680,+3.46,+21.612, +8.557,+0.920
1697230980,+3.46,+21.604, +8.569,+0.921
1697231280,+3.46,+21.621, +8.563,+0.920
1697231580,+3.46,+21.612, +8.565,+0.921
1697231880,+3.46,+21.604, +8.569,+0.921
1697232180,+3.46,+21.587, +8.566,+0.920
1697232480,+3.46,+21.604, +8.567,+0.921
1697232780,+3.46,+21.604, +8.570,+0.920
1697233080,+3.46,+21.587, +8.569,+0.920
1697233380,+3.46,+21.595, +8.570,+0.920
1697233680,+3.46,+21.595, +8.572,+0.921
1697233980,+3.46,+21.595, +8.570,+0.920
1697234280,+3.46,+21.587, +8.566,+0.920
1697234580,+3.46,+21.587, +8.578,+0.921
1697234880,+3.46,+21.570, +8.569,+0.920
1697235180,+3.46,+21.595, +8.567,+0.920
1697235480,+3.46,+21.579, +8.575,+0.920
1697235780,+3.46,+21.595, +8.574,+0.920
1697236080,+3.46,+21.579, +8.576,+0.921
1697236380,+3.46,+21.595, +8.574,+0.921
1697236680,+3.46,+21.579, +8.587,+0.921
1697236980,+3.46,+21.579, +8.584,+0.920
1697237280,+3.46,+21.587, +8.568,+0.920
1697237580,+3.46,+21.562, +8.589,+0.921
1697237880,+3.46,+21.570, +8.578,+0.920
1697238180,+3.46,+21.570, +8.583,+0.920
1697238480,+3.46,+21.570, +8.585,+0.921
1697238780,+3.46,+21.570, +8.575,+0.920
1697239080,+3.46,+21.562, +8.595,+0.921
1697239380,+3.46,+21.570, +8.586,+0.921
1697239680,+3.46,+21.545, +8.586,+0.920
1697239980,+3.46,+21.545, +8.584,+0.920
1697240280,+3.46,+21.554, +8.577,+0.920
1697240580,+3.46,+21.562, +8.590,+0.921
1697240880,+3.46,+21.554, +8.595,+0.921
1697241180,+3.46,+21.570, +8.590,+0.921
1697241480,+3.46,+21.562, +8.578,+0.920
1697241780,+3.46,+21.554, +8.593,+0.921
1697242080,+3.46,+21.562, +8.588,+0.920
1697242380,+3.46,+21.554, +8.587,+0.920
1697242680,+3.46,+21.545, +8.597,+0.920
1697242980,+3.46,+21.545, +8.603,+0.921
1697243280,+3.46,+21.554, +8.600,+0.921
1697243580,+3.46,+21.554, +8.585,+0.920
1697243880,+3.46,+21.562, +8.604,+0.921
1697244180,+3.46,+21.554, +8.594,+0.921
1697244480,+3.46,+21.554, +8.603,+0.921
1697244780,+3.46,+21.562, +8.590,+0.920
1697245080,+3.46,+21.562, +8.586,+0.920
1697245380,+3.46,+21.554, +8.590,+0.920
1697245680,+3.46,+21.554, +8.594,+0.920
1697245980,+3.46,+21.562, +8.596,+0.921
1697246280,+3.46,+21.562, +8.587,+0.920
1697246580,+3.46,+21.562, +8.592,+0.921
1697246880,+3.46,+21.562, +8.593,+0.920
1697247180,+3.46,+21.545, +8.592,+0.920
1697247480,+3.46,+21.562, +8.587,+0.920
1697247780,+3.46,+21.570, +8.592,+0.921
1697248080,+3.46,+21.562, +8.594,+0.921
1697248380,+3.46,+21.554, +8.591,+0.920
1697248680,+3.46,+21.570, +8.585,+0.920
1697248980,+3.46,+21.562, +8.598,+0.921
1697249280,+3.46,+21.570, +8.582,+0.920
1697249580,+3.46,+21.570, +8.580,+0.920
1697249880,+3.46,+21.570, +8.581,+0.920
1697250180,+3.46,+21.570, +8.593,+0.921
1697250480,+3.46,+21.570, +8.585,+0.920
1697250780,+3.46,+21.570, +8.580,+0.920
1697251080,+3.46,+21.562, +8.583,+0.920
1697251380,+3.46,+21.570, +8.585,+0.920
1697251680,+3.46,+21.579, +8.587,+0.921
1697251980,+3.46,+21.570, +8.587,+0.920
1697252280,+3.46,+21.570, +8.574,+0.920
1697252580,+3.46,+21.579, +8.588,+0.921
1697252880,+3.46,+21.579, +8.576,+0.920
1697253180,+3.46,+21.562, +8.580,+0.920
1697253480,+3.46,+21.570, +8.574,+0.920
1697253780,+3.46,+21.579, +8.592,+0.921
1697254080,+3.46,+21.562, +8.604,+0.921
1697254380,+3.46,+21.587, +8.565,+0.919
1697254680,+3.46,+21.587, +8.581,+0.920
1697254980,+3.46,+21.579, +8.592,+0.921
1697255280,+3.46,+21.579, +8.594,+0.921
1697255580,+3.46,+21.587, +8.581,+0.920
1697255880,+3.46,+21.579, +8.586,+0.920
1697256180,+3.46,+21.579, +8.585,+0.920
1697256480,+3.46,+21.579, +8.588,+0.920
1697256780,+3.46,+21.595, +8.578,+0.920
1697257080,+3.46,+21.570, +8.608,+0.922
1697257380,+3.46,+21.595, +8.592,+0.921
1697257680,+3.46,+21.579, +8.586,+0.920
1697257980,+3.46,+21.587, +8.592,+0.921
1697258280,+3.46,+21.595, +8.574,+0.920
1697258580,+3.46,+21.595, +8.585,+0.921
1697258880,+3.46,+21.579, +8.583,+0.920
1697259180,+3.46,+21.595, +8.590,+0.921
1697259480,+3.46,+21.587, +8.581,+0.920
1697259780,+3.46,+21.587, +8.583,+0.921
1697260080,+3.46,+21.579, +8.582,+0.920
1697260380,+3.46,+21.612, +8.572,+0.920
1697260680,+3.46,+21.587, +8.579,+0.921
1697260980,+3.46,+21.595, +8.574,+0.920
1697261280,+3.46,+21.604, +8.585,+0.921
1697261580,+3.46,+21.587, +8.579,+0.920
1697261880,+3.46,+21.595, +8.574,+0.920
1697262180,+3.46,+21.621, +8.569,+0.920
1697262480,+3.46,+21.604, +8.580,+0.921
1697262780,+3.46,+21.587, +8.567,+0.920
1697263080,+3.46,+21.595, +8.572,+0.920
1697263380,+3.46,+21.587, +8.576,+0.921
1697263680,+3.46,+21.604, +8.580,+0.921
1697263980,+3.46,+21.604, +8.570,+0.920
1697264280,+3.46,+21.604, +8.568,+0.920
1697264580,+3.46,+21.595, +8.578,+0.921
1697264880,+3.46,+21.604, +8.567,+0.920
1697265180,+3.46,+21.604, +8.564,+0.920
1697265480,+3.46,+21.595, +8.572,+0.920
1697265780,+3.46,+21.604, +8.562,+0.920
1697266080,+3.46,+21.612, +8.565,+0.920
1697266380,+3.46,+21.604, +8.568,+0.920
1697266680,+3.46,+21.595, +8.569,+0.920
1697266980,+3.46,+21.604, +8.558,+0.920
1697267280,+3.46,+21.604, +8.572,+0.921
1697267580,+3.46,+21.604, +8.565,+0.920
1697267880,+3.46,+21.604, +8.569,+0.921
1697268180,+3.46,+21.604, +8.562,+0.920
1697268480,+3.46,+21.612, +8.555,+0.920
1697268780,+3.46,+21.604, +8.562,+0.921
1697269080,+3.46,+21.595, +8.569,+0.921
1697269380,+3.46,+21.595, +8.571,+0.921
1697269680,+3.46,+21.604, +8.559,+0.921
1697269980,+3.46,+21.612, +8.556,+0.920
1697270280,+3.46,+21.587, +8.558,+0.920
1697270580,+3.46,+21.595, +8.562,+0.921
1697270880,+3.46,+21.595, +8.554,+0.920
1697271180,+3.46,+21.604, +8.559,+0.920
1697271480,+3.46,+21.604, +8.563,+0.921
1697271780,+3.46,+21.595, +8.556,+0.920
1697272080,+3.46,+21.604, +8.557,+0.921
1697272380,+3.46,+21.612, +8.551,+0.920
1697272680,+3.46,+21.612, +8.550,+0.920
1697272980,+3.46,+21.587, +8.573,+0.921
1697273280,+3.46,+21.612, +8.561,+0.921
1697273580,+3.46,+21.595, +8.561,+0.921
1697273880,+3.46,+21.595, +8.554,+0.920
1697274180,+3.46,+21.604, +8.556,+0.921
1697274480,+3.46,+21.604, +8.555,+0.920
1697274780,+3.46,+21.595, +8.553,+0.920
1697275080,+3.46,+21.604, +8.550,+0.920
1697275380,+3.46,+21.604, +8.561,+0.921
1697275680,+3.46,+21.612, +8.555,+0.921
1697275980,+3.46,+21.612, +8.552,+0.920
1697276280,+3.46,+21.604, +8.556,+0.920
1697276580,+3.46,+21.604, +8.554,+0.921
1697276880,+3.46,+21.612, +8.549,+0.920
1697277180,+3.46,+21.612, +8.553,+0.920
1697277480,+3.46,+21.629, +8.553,+0.921
1697277780,+3.46,+21.604, +8.560,+0.921
1697278080,+3.46,+21.612, +8.537,+0.920
1697278380,+3.46,+21.621, +8.539,+0.920
1697278680,+3.46,+21.604, +8.549,+0.920
1697278980,+3.46,+21.621, +8.541,+0.920
1697279280,+3.46,+21.595, +8.556,+0.921
