7450-516531
OS REV: 1.05 Sensor Cal: 1679419607
Time (sec),  BV (Volts),  T (deg C),  DO (mg/l),  Q ()
1698319860,+3.48,+21.629, +8.138,+0.892
1698320160,+3.48,+21.621, +8.136,+0.892
1698320460,+3.48,+21.629, +8.122,+0.891
1698320760,+3.48,+21.621, +8.133,+0.892
1698321060,+3.48,+21.612, +8.131,+0.892
1698321360,+3.48,+21.637, +8.125,+0.892
1698321660,+3.48,+21.621, +8.124,+0.892
1698321960,+3.48,+21.629, +8.115,+0.891
1698322260,+3.48,+21.621, +8.121,+0.892
1698322560,+3.48,+21.612, +8.125,+0.892
1698322860,+3.48,+21.621, +8.130,+0.892
1698323160,+3.48,+21.621, +8.113,+0.891
1698323460,+3.48,+21.646, +8.117,+0.892
1698323760,+3.48,+21.646, +8.099,+0.891
1698324060,+3.48,+21.646, +8.102,+0.891
1698324360,+3.48,+21.654, +8.107,+0.892
1698324660,+3.48,+21.637, +8.097,+0.891
1698324960,+3.48,+21.646, +8.103,+0.892
1698325260,+3.48,+21.662, +8.096,+0.892
1698325560,+3.48,+21.671, +8.090,+0.891
1698325860,+3.48,+21.662, +8.090,+0.891
1698326160,+3.48,+21.679, +8.086,+0.891
1698326460,+3.48,+21.679, +8.082,+0.891
1698326760,+3.48,+21.687, +8.084,+0.891
1698327060,+3.48,+21.696, +8.081,+0.892
1698327360,+3.48,+21.687, +8.087,+0.892
1698327660,+3.48,+21.696, +8.071,+0.891
1698327960,+3.48,+21.721, +8.075,+0.892
1698328260,+3.48,+21.713, +8.058,+0.891
1698328560,+3.48,+21.729, +8.063,+0.891
1698328860,+3.48,+21.738, +8.059,+0.891
1698329160,+3.48,+21.746, +8.064,+0.892
1698329460,+3.48,+21.763, +8.050,+0.891
1698329760,+3.48,+21.754, +8.051,+0.891
1698330060,+3.48,+21.771, +8.043,+0.891
1698330360,+3.48,+21.779, +8.034,+0.891
1698330660,+3.48,+21.779, +8.042,+0.891
1698330960,+3.48,+21.779, +8.034,+0.891
1698331260,+3.48,+21.779, +8.037,+0.891
1698331560,+3.48,+21.788, +8.035,+0.892
1698331860,+3.48,+21.805, +8.028,+0.891
1698332160,+3.48,+21.805, +8.022,+0.891
1698332460,+3.48,+21.813, +8.019,+0.891
1698332760,+3.48,+21.813, +8.015,+0.891
1698333060,+3.48,+21.821, +8.016,+0.891
1698333360,+3.48,+21.821, +8.016,+0.891
1698333660,+3.48,+21.805, +8.009,+0.891
1698333960,+3.48,+21.821, +7.994,+0.891
1698334260,+3.48,+21.813, +8.016,+0.892
1698334560,+3.48,+21.813, +7.997,+0.891
1698334860,+3.48,+21.830, +8.000,+0.891
1698335160,+3.48,+21.838, +7.997,+0.891
1698335460,+3.48,+21.838, +7.995,+0.891
1698335760,+3.48,+21.830, +8.002,+0.892
1698336060,+3.48,+21.846, +7.985,+0.891
1698336360,+3.48,+21.838, +7.981,+0.891
1698336660,+3.48,+21.838, +7.981,+0.891
1698336960,+3.48,+21.821, +7.985,+0.891
1698337260,+3.48,+21.838, +7.974,+0.891
1698337560,+3.48,+21.838, +7.979,+0.892
1698337860,+3.48,+21.830, +7.969,+0.891
1698338160,+3.48,+21.838, +7.973,+0.891
1698338460,+3.48,+21.821, +7.980,+0.892
1698338760,+3.48,+21.846, +7.968,+0.891
1698339060,+3.48,+21.846, +7.960,+0.891
1698339360,+3.48,+21.830, +7.961,+0.891
1698339660,+3.48,+21.846, +7.958,+0.891
1698339960,+3.48,+21.830, +7.959,+0.891
1698340260,+3.48,+21.863, +7.938,+0.890
1698340560,+3.48,+21.880, +7.945,+0.891
1698340860,+3.48,+21.880, +7.938,+0.891
1698341160,+3.48,+21.897, +7.925,+0.890
1698341460,+3.48,+21.905, +7.935,+0.891
1698341760,+3.48,+21.922, +7.933,+0.892
1698342060,+3.48,+21.930, +7.922,+0.891
1698342360,+3.48,+21.955, +7.909,+0.891
1698342660,+3.48,+21.955, +7.908,+0.891
1698342960,+3.48,+21.972, +7.910,+0.891
1698343260,+3.48,+21.963, +7.912,+0.891
1698343560,+3.48,+22.005, +7.902,+0.891
1698343860,+3.48,+22.005, +7.888,+0.890
1698344160,+3.48,+22.014, +7.888,+0.890
1698344460,+3.48,+22.022, +7.889,+0.891
1698344760,+3.48,+22.030, +7.882,+0.891
1698345060,+3.48,+22.030, +7.887,+0.891
1698345360,+3.48,+22.014, +7.889,+0.891
1698345660,+3.48,+22.014, +7.881,+0.891
1698345960,+3.48,+22.022, +7.869,+0.890
1698346260,+3.48,+22.014, +7.876,+0.891
1698346560,+3.48,+21.738, +8.846,+0.892
1698346860,+3.49,+21.478, +8.877,+0.892
1698347160,+3.49,+21.328, +8.909,+0.892
1698347460,+3.49,+21.286, +8.913,+0.893
1698347760,+3.49,+21.228, +8.927,+0.893
1698348060,+3.49,+21.177, +8.926,+0.893
1698348360,+3.48,+21.127, +8.935,+0.893
1698348660,+3.48,+21.110, +8.936,+0.893
1698348960,+3.48,+21.060, +8.937,+0.893
1698349260,+3.48,+21.018, +8.950,+0.893
1698349560,+3.48,+20.985, +8.942,+0.893
1698349860,+3.48,+20.818, +9.030,+0.893
1698350160,+3.49,+20.642, +9.094,+0.892
1698350460,+3.49,+20.634, +9.125,+0.892
1698350760,+3.48,+20.801, +9.097,+0.891
1698351060,+3.48,+20.952, +9.083,+0.892
1698351360,+3.48,+21.077, +9.069,+0.891
1698351660,+3.49,+21.169, +9.084,+0.891
1698351960,+3.49,+21.261, +9.064,+0.892
1698352260,+3.49,+21.311, +9.087,+0.891
1698352560,+3.49,+21.370, +9.047,+0.891
1698352860,+3.49,+21.412, +9.047,+0.891
1698353160,+3.49,+21.462, +9.049,+0.891
1698353460,+3.49,+21.453, +9.059,+0.892
1698353760,+3.49,+21.495, +9.046,+0.891
1698354060,+3.48,+21.554, +9.056,+0.891
1698354360,+3.48,+21.596, +9.030,+0.891
1698354660,+3.48,+21.621, +9.036,+0.891
1698354960,+3.48,+21.646, +9.030,+0.891
1698355260,+3.48,+21.696, +9.029,+0.891
1698355560,+3.48,+21.687, +9.044,+0.891
1698355860,+3.48,+21.721, +9.018,+0.890
1698356160,+3.48,+21.746, +9.038,+0.891
1698356460,+3.48,+21.779, +9.029,+0.890
1698356760,+3.48,+21.830, +9.009,+0.890
1698357060,+3.48,+21.855, +9.028,+0.891
1698357360,+3.48,+21.880, +9.022,+0.890
1698357660,+3.48,+21.913, +9.030,+0.890
