7450-516531
OS REV: 1.05 Sensor Cal: 1679419607
Time (sec),  BV (Volts),  T (deg C),  DO (mg/l),  Q ()
1697712960,+3.49,+10.295,+10.930,+0.897
1697713260,+3.49,+10.231,+10.952,+0.897
1697713560,+3.49,+10.167,+10.971,+0.897
1697713860,+3.49,+10.140,+10.977,+0.897
1697714160,+3.49,+10.103,+10.977,+0.897
1697714460,+3.49,+10.030,+11.002,+0.897
1697714760,+3.48,+10.003,+11.012,+0.898
1697715060,+3.48, +9.948,+11.020,+0.897
1697715360,+3.48, +9.911,+11.027,+0.897
1697715660,+3.48, +9.865,+11.052,+0.898
1697715960,+3.49, +9.838,+11.050,+0.898
1697716260,+3.49, +9.829,+11.041,+0.897
1697716560,+3.49, +9.783,+11.053,+0.897
1697716860,+3.49, +9.773,+11.052,+0.897
1697717160,+3.49, +9.755,+11.063,+0.897
1697717460,+3.49, +9.737,+11.068,+0.898
1697717760,+3.49, +9.746,+11.075,+0.898
1697718060,+3.48, +9.755,+11.046,+0.897
1697718360,+3.48, +9.764,+11.053,+0.897
1697718660,+3.48, +9.764,+11.055,+0.897
1697718960,+3.48, +9.783,+11.052,+0.898
1697719260,+3.48, +9.810,+11.034,+0.897
1697719560,+3.48, +9.838,+11.029,+0.897
1697719860,+3.48, +9.865,+11.025,+0.898
1697720160,+3.48, +9.902,+11.001,+0.897
1697720460,+3.48, +9.948,+11.001,+0.898
1697720760,+3.48, +9.957,+11.005,+0.898
1697721060,+3.48,+10.012,+10.991,+0.898
1697721360,+3.48,+10.048,+10.973,+0.898
1697721660,+3.48,+10.076,+10.973,+0.898
1697721960,+3.49,+10.130,+10.943,+0.897
1697722260,+3.49,+10.176,+10.928,+0.897
1697722560,+3.49,+10.213,+10.922,+0.898
1697722860,+3.49,+10.285,+10.909,+0.898
1697723160,+3.49,+10.331,+10.896,+0.898
1697723460,+3.49,+10.386,+10.879,+0.898
1697723760,+3.49,+10.440,+10.868,+0.898
1697724060,+3.48,+10.504,+10.846,+0.898
1697724360,+3.48,+10.567,+10.836,+0.898
1697724660,+3.48,+10.649,+10.800,+0.898
1697724960,+3.48,+10.730,+10.795,+0.898
1697725260,+3.48,+10.794,+10.774,+0.898
1697725560,+3.48,+10.884,+10.748,+0.898
1697725860,+3.48,+10.992,+10.708,+0.897
1697726160,+3.48,+11.082,+10.699,+0.898
1697726460,+3.48,+11.181,+10.682,+0.898
1697726760,+3.48,+11.316,+10.647,+0.898
1697727060,+3.49,+11.450,+10.602,+0.898
1697727360,+3.48,+11.567,+10.572,+0.898
1697727660,+3.48,+11.719,+10.539,+0.898
1697727960,+3.48,+11.888,+10.479,+0.898
1697728260,+3.48,+12.048,+10.447,+0.898
1697728560,+3.48,+12.226,+10.400,+0.898
1697728860,+3.48,+12.385,+10.361,+0.898
1697729160,+3.48,+12.535,+10.318,+0.897
1697729460,+3.48,+12.712,+10.288,+0.898
1697729760,+3.48,+12.879,+10.279,+0.898
1697730060,+3.48,+13.064,+10.234,+0.897
1697730360,+3.48,+13.266,+10.192,+0.898
1697730660,+3.48,+13.432,+10.146,+0.897
1697730960,+3.48,+13.650,+10.109,+0.897
1697731260,+3.48,+14.050,+10.007,+0.897
1697731560,+3.47,+14.432, +9.920,+0.896
1697731860,+3.48,+14.752, +9.847,+0.896
1697732160,+3.48,+15.036, +9.785,+0.895
1697732460,+3.48,+15.311, +9.731,+0.896
1697732760,+3.47,+15.594, +9.672,+0.895
1697733060,+3.48,+15.825, +9.622,+0.895
1697733360,+3.48,+16.039, +9.581,+0.895
1697733660,+3.48,+16.260, +9.521,+0.894
1697733960,+3.47,+16.465, +9.488,+0.894
1697734260,+3.47,+16.669, +9.452,+0.895
1697734560,+3.48,+16.822, +9.413,+0.894
1697734860,+3.48,+17.017, +9.372,+0.894
1697735160,+3.48,+17.195, +9.343,+0.894
1697735460,+3.48,+17.330, +9.305,+0.893
1697735760,+3.47,+17.474, +9.277,+0.893
1697736060,+3.47,+17.626, +9.246,+0.893
1697736360,+3.47,+17.753, +9.236,+0.894
1697736660,+3.47,+17.896, +9.193,+0.893
1697736960,+3.48,+18.014, +9.177,+0.893
1697737260,+3.48,+18.175, +9.145,+0.893
1697737560,+3.48,+18.301, +9.111,+0.892
1697737860,+3.48,+18.402, +9.098,+0.893
1697738160,+3.47,+18.520, +9.076,+0.893
1697738460,+3.47,+18.646, +9.048,+0.892
1697738760,+3.47,+18.797, +9.013,+0.892
1697739060,+3.47,+18.924, +8.969,+0.891
1697739360,+3.48,+19.050, +8.957,+0.892
1697739660,+3.48,+19.108, +8.965,+0.893
1697739960,+3.48,+19.184, +8.937,+0.892
1697740260,+3.48,+19.243, +8.923,+0.892
1697740560,+3.48,+19.301, +8.910,+0.892
1697740860,+3.48,+19.369, +8.890,+0.891
1697741160,+3.48,+19.419, +8.885,+0.892
1697741460,+3.47,+19.452, +8.887,+0.892
1697741760,+3.47,+19.503, +8.872,+0.892
1697742060,+3.47,+19.553, +8.866,+0.891
1697742360,+3.47,+19.914, +8.810,+0.892
1697742660,+3.48,+20.399, +8.732,+0.891
1697742960,+3.47,+20.851, +8.650,+0.891
1697743260,+3.47,+21.127, +8.610,+0.891
1697743560,+3.47,+21.386, +8.574,+0.891
1697743860,+3.47,+21.587, +8.538,+0.891
1697744160,+3.47,+21.805, +8.503,+0.891
1697744460,+3.47,+21.989, +8.476,+0.891
1697744760,+3.47,+22.147, +8.444,+0.891
1697745060,+3.48,+22.331, +8.419,+0.891
1697745360,+3.47,+22.482, +8.390,+0.891
1697745660,+3.47,+22.624, +8.368,+0.891
1697745960,+3.47,+22.758, +8.346,+0.891
1697746260,+3.47,+22.884, +8.328,+0.891
1697746560,+3.47,+22.992, +8.289,+0.889
1697746860,+3.47,+23.084, +8.282,+0.890
1697747160,+3.47,+23.185, +8.267,+0.890
1697747460,+3.47,+23.260, +8.244,+0.890
1697747760,+3.48,+23.327, +8.250,+0.890
1697748060,+3.48,+23.403, +8.228,+0.890
1697748360,+3.48,+23.470, +8.220,+0.890
1697748660,+3.48,+23.528, +8.205,+0.890
1697748960,+3.48,+23.579, +8.184,+0.889
1697749260,+3.47,+23.629, +8.181,+0.889
1697749560,+3.48,+23.654, +8.173,+0.889
1697749860,+3.48,+23.687, +8.171,+0.889
1697750160,+3.47,+23.729, +8.151,+0.889
1697750460,+3.47,+23.746, +8.153,+0.889
1697750760,+3.48,+23.746, +8.154,+0.889
1697751060,+3.48,+23.771, +8.139,+0.889
1697751360,+3.48,+23.763, +8.146,+0.889
1697751660,+3.48,+23.754, +8.141,+0.889
1697751960,+3.48,+23.754, +8.128,+0.888
1697752260,+3.48,+23.754, +8.130,+0.888
1697752560,+3.48,+23.738, +8.132,+0.889
1697752860,+3.48,+23.696, +8.140,+0.889
1697753160,+3.48,+23.687, +8.133,+0.889
1697753460,+3.48,+23.646, +8.139,+0.889
1697753760,+3.48,+23.612, +8.143,+0.889
1697754060,+3.48,+23.537, +8.149,+0.889
1697754360,+3.48,+23.470, +8.160,+0.889
1697754660,+3.48,+23.403, +8.162,+0.889
1697754960,+3.48,+23.344, +8.162,+0.888
1697755260,+3.48,+23.252, +8.177,+0.888
1697755560,+3.47,+23.177, +8.190,+0.889
1697755860,+3.48,+23.076, +8.197,+0.888
1697756160,+3.48,+23.001, +8.199,+0.888
1697756460,+3.48,+22.900, +8.216,+0.888
1697756760,+3.48,+22.808, +8.229,+0.888
1697757060,+3.48,+22.716, +8.238,+0.888
1697757360,+3.48,+22.616, +8.247,+0.888
1697757660,+3.48,+22.507, +8.267,+0.889
1697757960,+3.48,+22.398, +8.275,+0.888
1697758260,+3.48,+22.298, +8.289,+0.888
1697758560,+3.48,+22.189, +8.315,+0.889
1697758860,+3.48,+22.081, +8.320,+0.888
1697759160,+3.48,+21.980, +8.335,+0.889
1697759460,+3.48,+21.871, +8.348,+0.889
1697759760,+3.48,+21.788, +8.354,+0.889
1697760060,+3.48,+21.662, +8.383,+0.889
1697760360,+3.48,+21.562, +8.388,+0.889
1697760660,+3.48,+21.437, +8.413,+0.889
1697760960,+3.49,+21.320, +8.425,+0.889
1697761260,+3.49,+21.211, +8.435,+0.889
1697761560,+3.48,+21.102, +8.446,+0.889
1697761860,+3.48,+21.010, +8.463,+0.889
1697762160,+3.48,+20.893, +8.477,+0.889
1697762460,+3.48,+20.784, +8.486,+0.888
1697762760,+3.48,+20.684, +8.494,+0.888
1697763060,+3.48,+20.567, +8.524,+0.889
1697763360,+3.49,+20.449, +8.539,+0.889
1697763660,+3.49,+20.357, +8.549,+0.889
1697763960,+3.49,+20.274, +8.573,+0.890
1697764260,+3.49,+20.148, +8.579,+0.889
1697764560,+3.48,+20.039, +8.592,+0.889
1697764860,+3.48,+19.964, +8.611,+0.890
1697765160,+3.48,+19.846, +8.633,+0.890
1697765460,+3.48,+19.754, +8.638,+0.890
1697765760,+3.48,+19.670, +8.650,+0.890
1697766060,+3.49,+19.587, +8.662,+0.890
1697766360,+3.49,+19.494, +8.680,+0.890
1697766660,+3.49,+19.410, +8.697,+0.891
1697766960,+3.49,+19.352, +8.693,+0.890
1697767260,+3.49,+19.293, +8.703,+0.890
1697767560,+3.49,+19.226, +8.711,+0.890
1697767860,+3.49,+19.159, +8.724,+0.891
1697768160,+3.49,+19.100, +8.735,+0.891
1697768460,+3.49,+19.041, +8.731,+0.890
1697768760,+3.49,+18.991, +8.750,+0.891
1697769060,+3.49,+18.949, +8.748,+0.891
1697769360,+3.48,+18.907, +8.751,+0.891
1697769660,+3.48,+18.856, +8.762,+0.891
1697769960,+3.48,+18.831, +8.757,+0.891
1697770260,+3.48,+18.772, +8.768,+0.891
1697770560,+3.48,+18.739, +8.764,+0.890
1697770860,+3.48,+18.688, +8.780,+0.891
1697771160,+3.49,+18.646, +8.775,+0.891
1697771460,+3.49,+18.621, +8.795,+0.892
1697771760,+3.49,+18.579, +8.789,+0.891
1697772060,+3.49,+18.545, +8.793,+0.891
1697772360,+3.49,+18.495, +8.808,+0.892
1697772660,+3.49,+18.486, +8.800,+0.892
1697772960,+3.49,+18.453, +8.805,+0.892
1697773260,+3.49,+18.411, +8.804,+0.891
1697773560,+3.49,+18.368, +8.819,+0.891
1697773860,+3.49,+18.326, +8.816,+0.891
1697774160,+3.49,+18.293, +8.825,+0.892
1697774460,+3.49,+18.259, +8.839,+0.892
1697774760,+3.49,+18.217, +8.838,+0.892
1697775060,+3.49,+18.208, +8.832,+0.892
1697775360,+3.49,+18.149, +8.840,+0.892
1697775660,+3.49,+18.133, +8.837,+0.892
1697775960,+3.49,+18.090, +8.850,+0.892
1697776260,+3.49,+18.082, +8.850,+0.892
1697776560,+3.49,+18.040, +8.852,+0.892
1697776860,+3.49,+18.031, +8.851,+0.892
1697777160,+3.49,+17.989, +8.849,+0.892
1697777460,+3.49,+17.972, +8.856,+0.892
1697777760,+3.49,+17.939, +8.854,+0.892
1697778060,+3.49,+17.896, +8.861,+0.892
1697778360,+3.49,+17.863, +8.878,+0.892
1697778660,+3.48,+17.854, +8.871,+0.892
1697778960,+3.48,+17.820, +8.865,+0.892
1697779260,+3.48,+17.804, +8.865,+0.892
1697779560,+3.48,+17.761, +8.871,+0.892
1697779860,+3.48,+17.744, +8.876,+0.892
1697780160,+3.48,+17.702, +8.877,+0.892
1697780460,+3.48,+17.652, +8.885,+0.892
1697780760,+3.49,+17.609, +8.896,+0.892
1697781060,+3.49,+17.567, +8.900,+0.892
1697781360,+3.49,+17.516, +8.904,+0.892
1697781660,+3.49,+17.482, +8.908,+0.892
1697781960,+3.49,+17.440, +8.911,+0.892
1697782260,+3.49,+17.389, +8.928,+0.893
1697782560,+3.49,+17.356, +8.927,+0.892
1697782860,+3.49,+17.313, +8.928,+0.892
1697783160,+3.49,+17.254, +8.947,+0.893
1697783460,+3.49,+17.212, +8.952,+0.893
1697783760,+3.49,+17.152, +8.941,+0.892
1697784060,+3.49,+17.102, +8.963,+0.893
1697784360,+3.49,+17.051, +8.963,+0.892
1697784660,+3.49,+16.966, +8.988,+0.893
1697784960,+3.49,+16.915, +8.976,+0.892
1697785260,+3.49,+16.839, +9.003,+0.893
1697785560,+3.49,+16.779, +9.006,+0.892
1697785860,+3.48,+16.703, +9.019,+0.892
1697786160,+3.49,+16.669, +9.029,+0.893
1697786460,+3.48,+16.575, +9.045,+0.893
1697786760,+3.49,+16.516, +9.054,+0.893
1697787060,+3.49,+16.456, +9.065,+0.893
1697787360,+3.49,+16.422, +9.070,+0.893
1697787660,+3.49,+16.345, +9.082,+0.893
1697787960,+3.49,+16.277, +9.084,+0.893
1697788260,+3.49,+16.226, +9.102,+0.893
1697788560,+3.49,+16.158, +9.113,+0.893
1697788860,+3.49,+16.107, +9.124,+0.893
1697789160,+3.49,+16.039, +9.127,+0.893
1697789460,+3.49,+15.987, +9.132,+0.893
1697789760,+3.49,+15.945, +9.140,+0.893
1697790060,+3.49,+15.902, +9.145,+0.893
1697790360,+3.49,+15.842, +9.165,+0.893
1697790660,+3.49,+15.799, +9.158,+0.893
1697790960,+3.49,+15.748, +9.170,+0.893
1697791260,+3.49,+15.697, +9.182,+0.894
1697791560,+3.48,+15.654, +9.191,+0.894
1697791860,+3.48,+15.603, +9.192,+0.893
1697792160,+3.48,+15.568, +9.207,+0.894
1697792460,+3.48,+15.517, +9.203,+0.893
1697792760,+3.49,+15.474, +9.220,+0.894
1697793060,+3.48,+15.423, +9.214,+0.893
1697793360,+3.49,+15.397, +9.240,+0.894
1697793660,+3.49,+15.354, +9.240,+0.894
1697793960,+3.49,+15.320, +9.233,+0.893
1697794260,+3.49,+15.277, +9.239,+0.893
1697794560,+3.49,+15.242, +9.254,+0.894
1697794860,+3.49,+15.199, +9.262,+0.894
1697795160,+3.49,+15.191, +9.246,+0.893
1697795460,+3.49,+15.131, +9.266,+0.893
1697795760,+3.49,+15.096, +9.269,+0.894
1697796060,+3.49,+15.053, +9.277,+0.894
1697796360,+3.49,+15.036, +9.276,+0.894
1697796660,+3.49,+14.984, +9.292,+0.894
1697796960,+3.49,+14.976, +9.289,+0.894
1697797260,+3.49,+14.933, +9.298,+0.894
1697797560,+3.49,+14.881, +9.307,+0.894
1697797860,+3.49,+14.846, +9.315,+0.894
1697798160,+3.49,+14.838, +9.313,+0.894
1697798460,+3.49,+14.795, +9.318,+0.894
1697798760,+3.49,+14.778, +9.326,+0.894
1697799060,+3.49,+14.743, +9.330,+0.894
1697799360,+3.49,+14.708, +9.331,+0.894
