7450-516531
OS REV: 1.05 Sensor Cal: 1679419607
Time (sec),  BV (Volts),  T (deg C),  DO (mg/l),  Q ()
1697539560,+3.48,+21.671, +8.806,+0.889
1697539860,+3.48,+21.671, +8.810,+0.889
1697540160,+3.48,+21.679, +8.802,+0.889
1697540460,+3.48,+21.696, +8.805,+0.889
1697540760,+3.48,+21.679, +8.799,+0.888
1697541060,+3.49,+21.671, +8.809,+0.889
1697541360,+3.48,+21.671, +8.818,+0.889
1697541660,+3.49,+21.671, +8.813,+0.889
1697541960,+3.48,+21.662, +8.805,+0.888
1697542260,+3.49,+21.662, +8.803,+0.888
1697542560,+3.49,+21.654, +8.829,+0.890
1697542860,+3.49,+21.637, +8.819,+0.889
1697543160,+3.49,+21.654, +8.825,+0.890
1697543460,+3.48,+21.654, +8.821,+0.889
1697543760,+3.48,+21.654, +8.817,+0.889
1697544060,+3.49,+21.654, +8.814,+0.889
1697544360,+3.49,+21.637, +8.831,+0.889
1697544660,+3.49,+21.654, +8.826,+0.889
1697544960,+3.49,+21.637, +8.825,+0.889
1697545260,+3.49,+21.654, +8.829,+0.889
1697545560,+3.49,+21.646, +8.816,+0.888
1697545860,+3.49,+21.646, +8.827,+0.889
1697546160,+3.49,+21.646, +8.823,+0.889
1697546460,+3.49,+21.646, +8.826,+0.889
1697546760,+3.49,+21.646, +8.834,+0.889
1697547060,+3.49,+21.637, +8.842,+0.890
1697547360,+3.49,+21.629, +8.833,+0.889
1697547660,+3.48,+21.637, +8.829,+0.889
1697547960,+3.49,+21.637, +8.832,+0.889
1697548260,+3.49,+21.637, +8.812,+0.888
1697548560,+3.49,+21.654, +8.826,+0.889
1697548860,+3.49,+21.629, +8.838,+0.889
1697549160,+3.49,+21.621, +8.837,+0.889
1697549460,+3.49,+21.637, +8.843,+0.889
1697549760,+3.49,+21.637, +8.827,+0.889
1697550060,+3.49,+21.621, +8.832,+0.889
1697550360,+3.49,+21.637, +8.830,+0.889
1697550660,+3.49,+21.629, +8.830,+0.889
1697550960,+3.49,+21.637, +8.830,+0.889
1697551260,+3.48,+21.646, +8.840,+0.889
1697551560,+3.49,+21.621, +8.830,+0.888
1697551860,+3.49,+21.629, +8.830,+0.889
1697552160,+3.49,+21.637, +8.836,+0.889
1697552460,+3.49,+21.629, +8.832,+0.889
1697552760,+3.49,+21.637, +8.827,+0.889
1697553060,+3.49,+21.621, +8.829,+0.888
1697553360,+3.49,+21.637, +8.829,+0.889
1697553660,+3.49,+21.646, +8.817,+0.888
1697553960,+3.49,+21.629, +8.837,+0.889
1697554260,+3.49,+21.621, +8.835,+0.889
1697554560,+3.49,+21.612, +8.837,+0.889
1697554860,+3.49,+21.629, +8.828,+0.888
1697555160,+3.49,+21.629, +8.834,+0.889
1697555460,+3.48,+21.637, +8.832,+0.889
1697555760,+3.49,+21.629, +8.831,+0.889
1697556060,+3.49,+21.629, +8.817,+0.888
1697556360,+3.49,+21.646, +8.816,+0.888
1697556660,+3.48,+21.654, +8.804,+0.888
1697556960,+3.49,+21.629, +8.826,+0.889
1697557260,+3.49,+21.621, +8.830,+0.889
1697557560,+3.49,+21.637, +8.826,+0.889
1697557860,+3.48,+21.646, +8.816,+0.889
1697558160,+3.49,+21.654, +8.816,+0.889
1697558460,+3.48,+21.637, +8.830,+0.889
1697558760,+3.48,+21.654, +8.817,+0.889
1697559060,+3.48,+21.654, +8.801,+0.888
1697559360,+3.49,+21.646, +8.818,+0.889
1697559660,+3.49,+21.654, +8.812,+0.889
1697559960,+3.49,+21.629, +8.824,+0.889
1697560260,+3.49,+21.629, +8.823,+0.889
1697560560,+3.49,+21.629, +8.818,+0.889
1697560860,+3.49,+21.646, +8.821,+0.889
1697561160,+3.49,+21.646, +8.819,+0.889
1697561460,+3.48,+21.637, +8.821,+0.889
1697561760,+3.48,+21.646, +8.823,+0.889
1697562060,+3.48,+21.646, +8.824,+0.889
1697562360,+3.49,+21.637, +8.816,+0.889
1697562660,+3.49,+21.646, +8.825,+0.889
1697562960,+3.48,+21.646, +8.805,+0.888
1697563260,+3.48,+21.646, +8.810,+0.888
1697563560,+3.49,+21.646, +8.805,+0.888
1697563860,+3.48,+21.637, +8.811,+0.888
1697564160,+3.49,+21.662, +8.809,+0.889
1697564460,+3.48,+21.654, +8.818,+0.889
1697564760,+3.49,+21.662, +8.807,+0.889
1697565060,+3.48,+21.671, +8.814,+0.889
1697565360,+3.48,+21.687, +8.803,+0.889
1697565660,+3.48,+21.679, +8.817,+0.889
1697565960,+3.48,+21.713, +8.781,+0.888
1697566260,+3.48,+21.721, +8.790,+0.888
1697566560,+3.48,+21.729, +8.792,+0.888
1697566860,+3.48,+21.738, +8.801,+0.889
1697567160,+3.48,+21.738, +8.797,+0.889
1697567460,+3.48,+21.763, +8.794,+0.889
1697567760,+3.48,+21.763, +8.784,+0.888
1697568060,+3.48,+21.796, +8.782,+0.889
1697568360,+3.48,+21.805, +8.785,+0.889
1697568660,+3.48,+21.838, +8.775,+0.889
1697568960,+3.48,+21.830, +8.778,+0.889
1697569260,+3.48,+21.846, +8.773,+0.888
1697569560,+3.48,+21.846, +8.773,+0.888
1697569860,+3.48,+21.863, +8.783,+0.889
1697570160,+3.48,+21.863, +8.775,+0.889
1697570460,+3.48,+21.871, +8.771,+0.888
1697570760,+3.48,+21.880, +8.759,+0.888
1697571060,+3.48,+21.871, +8.771,+0.888
1697571360,+3.48,+21.880, +8.776,+0.889
1697571660,+3.48,+21.897, +8.754,+0.887
1697571960,+3.48,+21.905, +8.778,+0.889
1697572260,+3.48,+21.897, +8.780,+0.889
1697572560,+3.48,+21.897, +8.767,+0.888
1697572860,+3.48,+21.930, +8.768,+0.889
1697573160,+3.48,+21.922, +8.763,+0.888
1697573460,+3.48,+21.938, +8.757,+0.888
1697573760,+3.48,+21.930, +8.762,+0.888
1697574060,+3.48,+21.955, +8.748,+0.888
1697574360,+3.48,+21.955, +8.762,+0.889
1697574660,+3.48,+21.980, +8.751,+0.888
1697574960,+3.48,+22.005, +8.752,+0.888
1697575260,+3.48,+21.997, +8.756,+0.889
1697575560,+3.48,+22.039, +8.747,+0.888
1697575860,+3.48,+22.047, +8.750,+0.889
1697576160,+3.48,+22.055, +8.742,+0.888
1697576460,+3.48,+22.055, +8.758,+0.889
1697576760,+3.48,+22.055, +8.752,+0.888
1697577060,+3.48,+22.047, +8.750,+0.888
1697577360,+3.48,+22.047, +8.759,+0.888
1697577660,+3.48,+22.022, +8.770,+0.889
1697577960,+3.48,+22.014, +8.772,+0.889
1697578260,+3.48,+22.005, +8.767,+0.888
1697578560,+3.48,+22.014, +8.771,+0.888
1697578860,+3.48,+22.022, +8.760,+0.888
1697579160,+3.48,+21.997, +8.775,+0.888
1697579460,+3.48,+21.980, +8.780,+0.889
1697579760,+3.48,+21.972, +8.780,+0.889
1697580060,+3.48,+21.963, +8.783,+0.888
1697580360,+3.48,+21.955, +8.786,+0.889
1697580660,+3.48,+21.955, +8.780,+0.889
1697580960,+3.48,+21.947, +8.783,+0.888
1697581260,+3.48,+21.905, +8.788,+0.888
1697581560,+3.48,+21.922, +8.785,+0.888
1697581860,+3.48,+21.913, +8.789,+0.888
1697582160,+3.48,+21.922, +8.797,+0.889
1697582460,+3.48,+21.897, +8.794,+0.888
1697582760,+3.48,+21.888, +8.804,+0.889
1697583060,+3.48,+21.888, +8.802,+0.889
1697583360,+3.48,+21.880, +8.807,+0.889
1697583660,+3.48,+21.888, +8.798,+0.889
1697583960,+3.48,+21.863, +8.812,+0.889
1697584260,+3.48,+21.871, +8.811,+0.889
1697584560,+3.48,+21.855, +8.809,+0.888
1697584860,+3.48,+21.838, +8.816,+0.889
1697585160,+3.48,+21.830, +8.809,+0.888
1697585460,+3.48,+21.813, +8.815,+0.888
1697585760,+3.48,+21.821, +8.819,+0.889
1697586060,+3.48,+21.821, +8.807,+0.888
1697586360,+3.48,+21.805, +8.820,+0.889
1697586660,+3.48,+21.788, +8.814,+0.888
1697586960,+3.48,+21.779, +8.827,+0.889
1697587260,+3.48,+21.754, +8.821,+0.888
1697587560,+3.48,+21.763, +8.820,+0.888
1697587860,+3.48,+21.746, +8.835,+0.889
1697588160,+3.48,+21.763, +8.827,+0.889
1697588460,+3.48,+21.729, +8.831,+0.888
1697588760,+3.48,+21.738, +8.826,+0.888
1697589060,+3.48,+21.721, +8.835,+0.888
1697589360,+3.48,+21.704, +8.842,+0.889
1697589660,+3.48,+21.696, +8.848,+0.889
1697589960,+3.48,+21.687, +8.852,+0.889
1697590260,+3.48,+21.704, +8.835,+0.888
1697590560,+3.48,+21.679, +8.851,+0.889
1697590860,+3.48,+21.671, +8.854,+0.889
1697591160,+3.48,+21.679, +8.855,+0.889
1697591460,+3.48,+21.687, +8.845,+0.889
1697591760,+3.48,+21.662, +8.855,+0.889
1697592060,+3.48,+21.654, +8.848,+0.888
1697592360,+3.48,+21.629, +8.863,+0.889
1697592660,+3.49,+21.621, +8.858,+0.888
1697592960,+3.49,+21.612, +8.873,+0.889
1697593260,+3.49,+21.629, +8.852,+0.888
1697593560,+3.49,+21.621, +8.866,+0.889
1697593860,+3.49,+21.604, +8.876,+0.889
1697594160,+3.49,+21.596, +8.873,+0.889
1697594460,+3.49,+21.596, +8.864,+0.888
1697594760,+3.49,+21.596, +8.874,+0.889
1697595060,+3.49,+21.587, +8.876,+0.889
1697595360,+3.49,+21.570, +8.875,+0.888
1697595660,+3.49,+21.579, +8.871,+0.888
1697595960,+3.49,+21.554, +8.888,+0.889
1697596260,+3.49,+21.570, +8.879,+0.889
1697596560,+3.49,+21.570, +8.879,+0.889
1697596860,+3.49,+21.554, +8.884,+0.889
1697597160,+3.49,+21.545, +8.884,+0.889
1697597460,+3.49,+21.537, +8.884,+0.888
1697597760,+3.49,+21.545, +8.886,+0.889
1697598060,+3.49,+21.529, +8.881,+0.888
1697598360,+3.49,+21.520, +8.899,+0.889
1697598660,+3.49,+21.520, +8.898,+0.889
1697598960,+3.49,+21.520, +8.886,+0.888
1697599260,+3.49,+21.520, +8.897,+0.889
1697599560,+3.49,+21.504, +8.896,+0.889
1697599860,+3.49,+21.520, +8.884,+0.888
1697600160,+3.49,+21.495, +8.895,+0.888
1697600460,+3.49,+21.504, +8.899,+0.889
1697600760,+3.49,+21.487, +8.918,+0.890
1697601060,+3.49,+21.487, +8.911,+0.889
1697601360,+3.49,+21.495, +8.893,+0.888
1697601660,+3.49,+21.470, +8.908,+0.889
1697601960,+3.49,+21.470, +8.905,+0.889
1697602260,+3.49,+21.478, +8.909,+0.889
1697602560,+3.49,+21.453, +8.914,+0.889
1697602860,+3.49,+21.470, +8.906,+0.889
1697603160,+3.49,+21.462, +8.915,+0.889
1697603460,+3.49,+21.462, +8.907,+0.888
1697603760,+3.49,+21.462, +8.920,+0.889
1697604060,+3.49,+21.437, +8.918,+0.889
1697604360,+3.49,+21.453, +8.910,+0.889
1697604660,+3.49,+21.445, +8.901,+0.888
1697604960,+3.49,+21.453, +8.912,+0.889
1697605260,+3.49,+21.437, +8.915,+0.889
1697605560,+3.49,+21.437, +8.906,+0.888
1697605860,+3.49,+21.437, +8.929,+0.889
1697606160,+3.49,+21.445, +8.919,+0.889
1697606460,+3.49,+21.420, +8.914,+0.888
1697606760,+3.49,+21.437, +8.910,+0.888
1697607060,+3.49,+21.420, +8.920,+0.889
1697607360,+3.49,+21.428, +8.923,+0.889
1697607660,+3.49,+21.403, +8.922,+0.889
1697607960,+3.49,+21.420, +8.915,+0.888
1697608260,+3.49,+21.412, +8.919,+0.889
1697608560,+3.49,+21.412, +8.923,+0.889
1697608860,+3.49,+21.420, +8.912,+0.888
1697609160,+3.49,+21.403, +8.926,+0.889
1697609460,+3.49,+21.395, +8.931,+0.889
1697609760,+3.49,+21.403, +8.928,+0.889
1697610060,+3.49,+21.403, +8.927,+0.889
1697610360,+3.49,+21.378, +8.932,+0.889
1697610660,+3.49,+21.395, +8.928,+0.889
1697610960,+3.49,+21.378, +8.941,+0.889
1697611260,+3.49,+21.386, +8.924,+0.888
1697611560,+3.49,+21.386, +8.930,+0.889
1697611860,+3.49,+21.378, +8.923,+0.888
1697612160,+3.49,+21.386, +8.924,+0.888
1697612460,+3.49,+21.370, +8.936,+0.889
1697612760,+3.49,+21.370, +8.927,+0.888
1697613060,+3.49,+21.370, +8.936,+0.889
1697613360,+3.49,+21.378, +8.924,+0.888
1697613660,+3.49,+21.361, +8.934,+0.889
1697613960,+3.49,+21.361, +8.938,+0.889
1697614260,+3.49,+21.361, +8.933,+0.889
1697614560,+3.49,+21.361, +8.947,+0.889
1697614860,+3.49,+21.361, +8.943,+0.889
1697615160,+3.49,+21.345, +8.943,+0.889
1697615460,+3.49,+21.336, +8.953,+0.889
1697615760,+3.49,+21.336, +8.930,+0.888
1697616060,+3.49,+21.361, +8.935,+0.889
1697616360,+3.49,+21.345, +8.941,+0.889
1697616660,+3.49,+21.336, +8.943,+0.889
1697616960,+3.49,+21.336, +8.945,+0.889
1697617260,+3.49,+21.328, +8.946,+0.889
1697617560,+3.49,+21.345, +8.936,+0.889
1697617860,+3.49,+21.311, +8.955,+0.889
1697618160,+3.49,+21.320, +8.946,+0.889
1697618460,+3.49,+21.336, +8.937,+0.889
1697618760,+3.49,+21.328, +8.949,+0.889
1697619060,+3.49,+21.328, +8.965,+0.890
1697619360,+3.49,+21.345, +8.935,+0.889
1697619660,+3.49,+21.311, +8.946,+0.889
1697619960,+3.49,+21.320, +8.949,+0.889
1697620260,+3.49,+21.320, +8.952,+0.889
1697620560,+3.49,+21.328, +8.941,+0.889
1697620860,+3.49,+21.303, +8.947,+0.889
1697621160,+3.49,+21.328, +8.940,+0.889
1697621460,+3.49,+21.294, +8.959,+0.889
1697621760,+3.49,+21.311, +8.953,+0.889
1697622060,+3.49,+21.286, +8.961,+0.889
1697622360,+3.49,+21.278, +8.945,+0.888
1697622660,+3.49,+21.294, +8.961,+0.889
1697622960,+3.49,+21.278, +8.961,+0.889
1697623260,+3.49,+21.294, +8.965,+0.889
1697623560,+3.49,+21.303, +8.959,+0.889
1697623860,+3.49,+21.294, +8.964,+0.889
1697624160,+3.49,+21.294, +8.954,+0.889
1697624460,+3.49,+21.294, +8.955,+0.888
1697624760,+3.49,+21.294, +8.968,+0.889
1697625060,+3.49,+21.269, +8.963,+0.889
1697625360,+3.49,+21.278, +8.962,+0.889
1697625660,+3.49,+21.286, +8.957,+0.889
1697625960,+3.49,+21.261, +8.955,+0.888
