7450-566774
OS REV: 1.05 Sensor Cal: 1679419749
Time (sec),  BV (Volts),  T (deg C),  DO (mg/l),  Q ()
1697799720,+3.47,+14.772, +9.480,+0.900
1697800020,+3.47,+14.720, +9.481,+0.900
1697800320,+3.47,+14.703, +9.496,+0.901
1697800620,+3.47,+14.660, +9.503,+0.901
1697800920,+3.47,+14.634, +9.496,+0.900
1697801220,+3.47,+14.616, +9.491,+0.900
1697801520,+3.47,+14.565, +9.529,+0.901
1697801820,+3.47,+14.547, +9.511,+0.900
1697802120,+3.47,+14.530, +9.523,+0.901
1697802420,+3.47,+14.470, +9.532,+0.901
1697802720,+3.47,+14.478, +9.532,+0.901
1697803020,+3.47,+14.452, +9.518,+0.900
1697803320,+3.47,+14.400, +9.544,+0.901
1697803620,+3.47,+14.366, +9.545,+0.901
1697803920,+3.47,+14.349, +9.554,+0.901
1697804220,+3.47,+14.314, +9.551,+0.900
1697804520,+3.47,+14.314, +9.549,+0.901
1697804820,+3.47,+14.253, +9.566,+0.901
1697805120,+3.47,+14.262, +9.556,+0.901
1697805420,+3.47,+14.245, +9.569,+0.901
1697805720,+3.47,+14.227, +9.571,+0.901
1697806020,+3.47,+14.245, +9.566,+0.901
1697806320,+3.47,+14.227, +9.559,+0.900
1697806620,+3.47,+14.227, +9.560,+0.901
1697806920,+3.47,+14.227, +9.556,+0.901
1697807220,+3.47,+14.227, +9.555,+0.901
1697807520,+3.47,+14.236, +9.554,+0.901
1697807820,+3.47,+14.227, +9.553,+0.900
1697808120,+3.47,+14.262, +9.543,+0.901
1697808420,+3.47,+14.253, +9.533,+0.900
1697808720,+3.47,+14.271, +9.541,+0.901
1697809020,+3.47,+14.305, +9.520,+0.900
1697809320,+3.47,+14.331, +9.512,+0.900
1697809620,+3.47,+14.331, +9.520,+0.900
1697809920,+3.47,+14.383, +9.502,+0.900
1697810220,+3.47,+14.418, +9.501,+0.901
1697810520,+3.47,+14.461, +9.473,+0.900
1697810820,+3.47,+14.703, +9.416,+0.900
1697811120,+3.47,+15.185, +9.304,+0.899
1697811420,+3.47,+15.305, +9.293,+0.900
1697811720,+3.46,+15.502, +9.241,+0.899
1697812020,+3.47,+15.708, +9.207,+0.899
1697812320,+3.47,+15.810, +9.184,+0.899
1697812620,+3.47,+15.733, +9.208,+0.899
1697812920,+3.46,+15.622, +9.227,+0.899
1697813220,+3.46,+15.545, +9.243,+0.899
1697813520,+3.46,+15.494, +9.269,+0.900
1697813820,+3.46,+15.451, +9.258,+0.899
1697814120,+3.46,+15.459, +9.256,+0.899
1697814420,+3.46,+15.476, +9.249,+0.899
1697814720,+3.46,+15.476, +9.252,+0.899
1697815020,+3.46,+15.519, +9.242,+0.899
1697815320,+3.46,+15.562, +9.224,+0.899
1697815620,+3.46,+15.596, +9.223,+0.899
1697815920,+3.46,+15.648, +9.213,+0.899
1697816220,+3.47,+15.708, +9.197,+0.899
1697816520,+3.47,+15.767, +9.181,+0.899
1697816820,+3.47,+15.836, +9.166,+0.899
1697817120,+3.47,+15.930, +9.133,+0.898
1697817420,+3.47,+16.032, +9.123,+0.898
1697817720,+3.47,+16.126, +9.093,+0.898
1697818020,+3.47,+16.194, +9.075,+0.898
1697818320,+3.46,+16.305, +9.060,+0.898
1697818620,+3.46,+16.424, +9.017,+0.897
1697818920,+3.46,+16.526, +9.015,+0.897
1697819220,+3.46,+16.662, +8.975,+0.897
1697819520,+3.46,+16.764, +8.965,+0.897
1697819820,+3.47,+16.900, +8.939,+0.897
1697820120,+3.47,+17.027, +8.906,+0.897
1697820420,+3.46,+17.188, +8.861,+0.896
1697820720,+3.46,+17.289, +8.875,+0.898
1697821020,+3.46,+17.433, +8.839,+0.897
1697821320,+3.46,+17.720, +8.798,+0.897
1697821620,+3.46,+18.471, +8.678,+0.896
1697821920,+3.46,+19.202, +8.574,+0.897
1697822220,+3.46,+19.739, +8.476,+0.896
1697822520,+3.46,+20.216, +8.399,+0.896
1697822820,+3.46,+20.660, +8.310,+0.896
1697823120,+3.46,+21.045, +8.238,+0.896
1697823420,+3.46,+21.288, +8.182,+0.896
1697823720,+3.46,+21.363, +8.156,+0.895
1697824020,+3.46,+21.421, +8.137,+0.895
1697824320,+3.46,+21.463, +8.138,+0.896
1697824620,+3.46,+21.472, +8.140,+0.896
1697824920,+3.46,+21.513, +8.114,+0.895
1697825220,+3.46,+21.538, +8.111,+0.895
1697825520,+3.46,+21.555, +8.123,+0.896
1697825820,+3.46,+21.614, +8.097,+0.896
1697826120,+3.46,+21.631, +8.095,+0.895
1697826420,+3.46,+21.656, +8.093,+0.896
1697826720,+3.46,+21.681, +8.078,+0.895
1697827020,+3.46,+21.723, +8.080,+0.896
1697827320,+3.46,+21.748, +8.061,+0.895
1697827620,+3.46,+21.773, +8.056,+0.895
1697827920,+3.46,+21.789, +8.058,+0.896
1697828220,+3.46,+21.815, +8.047,+0.895
1697828520,+3.46,+21.848, +8.047,+0.896
1697828820,+3.46,+21.881, +8.039,+0.896
1697829120,+3.46,+21.907, +8.021,+0.895
1697829420,+3.46,+21.907, +8.034,+0.896
1697829720,+3.46,+21.907, +8.031,+0.896
1697830020,+3.46,+21.940, +8.019,+0.896
1697830320,+3.46,+21.957, +8.014,+0.896
1697830620,+3.46,+21.965, +8.015,+0.896
1697830920,+3.46,+21.965, +8.014,+0.896
1697831220,+3.46,+21.999, +8.008,+0.896
1697831520,+3.46,+21.990, +8.001,+0.896
1697831820,+3.46,+21.990, +7.990,+0.895
1697832120,+3.46,+22.015, +7.986,+0.895
1697832420,+3.46,+22.007, +7.994,+0.896
1697832720,+3.46,+22.040, +7.988,+0.896
1697833020,+3.46,+22.040, +7.979,+0.895
1697833320,+3.46,+22.057, +7.973,+0.895
1697833620,+3.46,+22.049, +7.971,+0.895
1697833920,+3.46,+22.066, +7.979,+0.896
1697834220,+3.46,+22.066, +7.972,+0.895
1697834520,+3.46,+22.074, +7.971,+0.896
1697834820,+3.46,+22.057, +7.974,+0.896
1697835120,+3.46,+22.107, +7.958,+0.895
1697835420,+3.46,+22.074, +7.951,+0.895
1697835720,+3.46,+22.074, +7.958,+0.895
1697836020,+3.46,+22.074, +7.971,+0.896
1697836320,+3.46,+22.091, +7.954,+0.896
1697836620,+3.46,+22.049, +7.962,+0.896
1697836920,+3.46,+22.074, +7.957,+0.896
1697837220,+3.46,+22.066, +7.953,+0.896
1697837520,+3.46,+22.049, +7.952,+0.895
1697837820,+3.46,+22.049, +7.953,+0.895
1697838120,+3.46,+22.057, +7.942,+0.895
1697838420,+3.46,+22.040, +7.957,+0.896
1697838720,+3.46,+22.040, +7.965,+0.896
1697839020,+3.46,+22.049, +7.945,+0.895
1697839320,+3.46,+22.040, +7.954,+0.896
1697839620,+3.46,+22.032, +7.966,+0.896
1697839920,+3.46,+22.049, +7.951,+0.896
1697840220,+3.46,+22.049, +7.943,+0.896
1697840520,+3.46,+22.040, +7.936,+0.895
1697840820,+3.46,+22.040, +7.943,+0.896
1697841120,+3.46,+22.032, +7.941,+0.895
1697841420,+3.46,+22.032, +7.942,+0.895
1697841720,+3.46,+22.032, +7.937,+0.895
1697842020,+3.46,+22.007, +7.941,+0.895
1697842320,+3.46,+22.015, +7.955,+0.897
1697842620,+3.46,+22.015, +7.945,+0.896
1697842920,+3.46,+22.007, +7.932,+0.895
1697843220,+3.46,+21.999, +7.948,+0.896
1697843520,+3.46,+21.999, +7.950,+0.897
1697843820,+3.46,+22.015, +7.924,+0.895
1697844120,+3.46,+22.007, +7.926,+0.895
1697844420,+3.46,+21.999, +7.920,+0.895
1697844720,+3.46,+21.999, +7.924,+0.895
1697845020,+3.46,+21.990, +7.932,+0.896
1697845320,+3.46,+21.982, +7.923,+0.895
1697845620,+3.46,+21.982, +7.932,+0.896
1697845920,+3.46,+21.999, +7.907,+0.895
1697846220,+3.46,+21.982, +7.920,+0.895
1697846520,+3.46,+21.990, +7.921,+0.896
1697846820,+3.46,+21.982, +7.912,+0.895
1697847120,+3.46,+21.982, +7.918,+0.896
1697847420,+3.46,+21.982, +7.915,+0.895
1697847720,+3.46,+21.974, +7.920,+0.896
1697848020,+3.46,+21.982, +7.908,+0.896
1697848320,+3.46,+21.965, +7.902,+0.895
1697848620,+3.46,+21.957, +7.912,+0.896
1697848920,+3.46,+21.974, +7.897,+0.895
1697849220,+3.46,+21.974, +7.912,+0.896
1697849520,+3.46,+21.948, +7.918,+0.896
1697849820,+3.46,+21.957, +7.902,+0.895
1697850120,+3.46,+21.974, +7.886,+0.895
1697850420,+3.46,+21.957, +7.897,+0.896
1697850720,+3.46,+21.974, +7.893,+0.896
1697851020,+3.46,+21.940, +7.902,+0.896
1697851320,+3.46,+21.932, +7.896,+0.895
1697851620,+3.46,+21.957, +7.889,+0.896
1697851920,+3.46,+21.923, +7.895,+0.895
1697852220,+3.46,+21.932, +7.887,+0.895
1697852520,+3.46,+21.948, +7.886,+0.895
1697852820,+3.46,+21.948, +7.876,+0.895
1697853120,+3.46,+21.932, +7.893,+0.896
1697853420,+3.46,+21.940, +7.883,+0.896
1697853720,+3.46,+21.932, +7.896,+0.896
1697854020,+3.46,+21.923, +7.882,+0.895
1697854320,+3.46,+21.932, +7.880,+0.896
1697854620,+3.46,+21.932, +7.880,+0.896
1697854920,+3.46,+21.915, +7.877,+0.895
1697855220,+3.46,+21.923, +7.881,+0.896
1697855520,+3.46,+21.915, +7.871,+0.895
1697855820,+3.46,+21.915, +7.876,+0.896
1697856120,+3.46,+21.923, +7.869,+0.895
1697856420,+3.46,+21.898, +7.868,+0.895
1697856720,+3.46,+21.907, +7.860,+0.895
1697857020,+3.46,+21.890, +7.873,+0.896
1697857320,+3.46,+21.907, +7.878,+0.896
1697857620,+3.46,+21.890, +7.868,+0.896
1697857920,+3.46,+21.907, +7.872,+0.896
1697858220,+3.46,+21.898, +7.859,+0.895
1697858520,+3.46,+21.898, +7.867,+0.896
1697858820,+3.46,+21.907, +7.849,+0.895
1697859120,+3.46,+21.890, +7.854,+0.895
1697859420,+3.46,+21.915, +7.840,+0.895
1697859720,+3.46,+21.898, +7.850,+0.896
1697860020,+3.46,+21.898, +7.853,+0.896
1697860320,+3.46,+21.898, +7.840,+0.895
1697860620,+3.46,+21.881, +7.840,+0.895
1697860920,+3.46,+21.881, +7.843,+0.895
1697861220,+3.46,+21.873, +7.848,+0.896
1697861520,+3.46,+21.890, +7.841,+0.896
1697861820,+3.46,+21.890, +7.841,+0.896
1697862120,+3.46,+21.890, +7.828,+0.895
1697862420,+3.46,+21.890, +7.835,+0.896
1697862720,+3.46,+21.873, +7.837,+0.896
1697863020,+3.46,+21.881, +7.826,+0.895
1697863320,+3.46,+21.873, +7.837,+0.896
1697863620,+3.46,+21.865, +7.836,+0.896
1697863920,+3.46,+21.881, +7.820,+0.895
1697864220,+3.46,+21.856, +7.825,+0.895
1697864520,+3.47,+21.873, +7.822,+0.896
1697864820,+3.46,+21.873, +7.812,+0.895
1697865120,+3.47,+21.873, +7.822,+0.896
1697865420,+3.46,+21.865, +7.826,+0.896
1697865720,+3.46,+21.873, +7.807,+0.895
1697866020,+3.47,+21.848, +7.823,+0.896
1697866320,+3.47,+21.856, +7.802,+0.895
1697866620,+3.47,+21.865, +7.811,+0.895
1697866920,+3.47,+21.856, +7.808,+0.895
1697867220,+3.47,+21.865, +7.809,+0.896
1697867520,+3.47,+21.848, +7.792,+0.894
1697867820,+3.47,+21.865, +7.813,+0.896
1697868120,+3.47,+21.856, +7.804,+0.895
1697868420,+3.47,+21.865, +7.798,+0.895
1697868720,+3.47,+21.856, +7.802,+0.895
1697869020,+3.47,+21.848, +7.793,+0.895
1697869320,+3.46,+21.865, +7.794,+0.895
1697869620,+3.47,+21.848, +7.804,+0.896
1697869920,+3.47,+21.856, +7.799,+0.896
1697870220,+3.47,+21.848, +7.793,+0.895
1697870520,+3.47,+21.856, +7.790,+0.895
1697870820,+3.47,+21.865, +7.783,+0.895
1697871120,+3.47,+21.848, +7.789,+0.895
1697871420,+3.47,+21.848, +7.783,+0.895
1697871720,+3.46,+21.840, +7.792,+0.896
1697872020,+3.47,+21.848, +7.786,+0.895
1697872320,+3.47,+21.848, +7.785,+0.896
1697872620,+3.47,+21.840, +7.778,+0.895
1697872920,+3.47,+21.840, +7.779,+0.896
1697873220,+3.47,+21.840, +7.776,+0.895
1697873520,+3.47,+21.831, +7.771,+0.895
1697873820,+3.47,+21.848, +7.776,+0.896
1697874120,+3.47,+21.831, +7.772,+0.895
1697874420,+3.47,+21.840, +7.776,+0.896
1697874720,+3.47,+21.831, +7.771,+0.896
1697875020,+3.47,+21.815, +7.768,+0.895
1697875320,+3.47,+21.823, +7.766,+0.895
1697875620,+3.47,+21.840, +7.767,+0.896
1697875920,+3.47,+21.823, +7.777,+0.896
1697876220,+3.47,+21.831, +7.763,+0.895
1697876520,+3.47,+21.823, +7.764,+0.895
1697876820,+3.47,+21.823, +7.764,+0.895
1697877120,+3.47,+21.831, +7.764,+0.896
1697877420,+3.47,+21.815, +7.765,+0.896
1697877720,+3.47,+21.815, +7.763,+0.895
1697878020,+3.47,+21.823, +7.752,+0.895
1697878320,+3.47,+21.823, +7.749,+0.895
1697878620,+3.47,+21.815, +7.754,+0.895
1697878920,+3.47,+21.823, +7.764,+0.896
1697879220,+3.47,+21.806, +7.754,+0.895
1697879520,+3.47,+21.806, +7.751,+0.895
1697879820,+3.47,+21.806, +7.755,+0.895
1697880120,+3.47,+21.806, +7.754,+0.896
1697880420,+3.47,+21.815, +7.766,+0.896
1697880720,+3.47,+21.798, +7.745,+0.895
1697881020,+3.47,+21.815, +7.731,+0.895
1697881320,+3.47,+21.815, +7.747,+0.896
1697881620,+3.47,+21.798, +7.748,+0.896
1697881920,+3.47,+21.815, +7.745,+0.896
1697882220,+3.47,+21.789, +7.749,+0.896
1697882520,+3.47,+21.798, +7.736,+0.895
1697882820,+3.47,+21.798, +7.738,+0.895
1697883120,+3.47,+21.789, +7.734,+0.895
1697883420,+3.47,+21.789, +7.742,+0.896
1697883720,+3.47,+21.781, +7.738,+0.895
1697884020,+3.47,+21.806, +7.733,+0.895
1697884320,+3.47,+21.798, +7.736,+0.895
1697884620,+3.47,+21.781, +7.734,+0.896
1697884920,+3.47,+21.789, +7.729,+0.895
1697885220,+3.47,+21.781, +7.747,+0.896
1697885520,+3.47,+21.781, +7.728,+0.895
1697885820,+3.47,+21.773, +7.727,+0.895
1697886120,+3.47,+21.773, +7.729,+0.895
