7450-566774
OS REV: 1.05 Sensor Cal: 1679419749
Time (sec),  BV (Volts),  T (deg C),  DO (mg/l),  Q ()
1697973120,+3.47,+21.547, +7.345,+0.895
1697973420,+3.47,+21.547, +7.337,+0.894
1697973720,+3.47,+21.538, +7.340,+0.894
1697974020,+3.47,+21.530, +7.342,+0.895
1697974320,+3.47,+21.555, +7.343,+0.895
1697974620,+3.47,+21.555, +7.329,+0.894
1697974920,+3.47,+21.530, +7.347,+0.895
1697975220,+3.47,+21.547, +7.337,+0.895
1697975520,+3.47,+21.547, +7.338,+0.895
1697975820,+3.47,+21.538, +7.337,+0.895
1697976120,+3.47,+21.530, +7.341,+0.895
1697976420,+3.47,+21.547, +7.333,+0.895
1697976720,+3.47,+21.547, +7.327,+0.895
1697977020,+3.47,+21.538, +7.331,+0.895
1697977320,+3.47,+21.538, +7.326,+0.895
1697977620,+3.47,+21.538, +7.339,+0.895
1697977920,+3.47,+21.530, +7.328,+0.895
1697978220,+3.47,+21.530, +7.330,+0.895
1697978520,+3.47,+21.530, +7.330,+0.895
1697978820,+3.47,+21.530, +7.325,+0.895
1697979120,+3.47,+21.530, +7.324,+0.895
1697979420,+3.47,+21.530, +7.320,+0.894
1697979720,+3.47,+21.547, +7.321,+0.895
1697980020,+3.47,+21.547, +7.314,+0.894
1697980320,+3.47,+21.555, +7.313,+0.895
1697980620,+3.47,+21.564, +7.322,+0.895
1697980920,+3.47,+21.555, +7.321,+0.895
1697981220,+3.47,+21.572, +7.301,+0.894
1697981520,+3.47,+21.572, +7.300,+0.894
1697981820,+3.47,+21.564, +7.310,+0.895
1697982120,+3.47,+21.580, +7.309,+0.895
1697982420,+3.47,+21.572, +7.310,+0.895
1697982720,+3.47,+21.597, +7.299,+0.895
1697983020,+3.47,+21.580, +7.296,+0.894
1697983320,+3.47,+21.580, +7.301,+0.895
1697983620,+3.47,+21.589, +7.299,+0.895
1697983920,+3.47,+21.605, +7.298,+0.895
1697984220,+3.47,+21.622, +7.272,+0.894
1697984520,+3.47,+21.605, +7.276,+0.895
1697984820,+3.47,+21.614, +7.270,+0.895
1697985120,+3.47,+21.647, +7.263,+0.895
1697985420,+3.47,+21.631, +7.275,+0.895
1697985720,+3.47,+21.631, +7.266,+0.895
1697986020,+3.47,+21.639, +7.263,+0.895
1697986320,+3.47,+21.664, +7.258,+0.895
1697986620,+3.47,+21.639, +7.261,+0.895
1697986920,+3.47,+21.639, +7.250,+0.894
1697987220,+3.47,+21.647, +7.252,+0.895
1697987520,+3.47,+21.647, +7.248,+0.894
1697987820,+3.47,+21.672, +7.250,+0.895
1697988120,+3.47,+21.664, +7.246,+0.895
1697988420,+3.47,+21.689, +7.235,+0.894
1697988720,+3.47,+21.672, +7.245,+0.895
1697989020,+3.47,+21.664, +7.237,+0.895
1697989320,+3.47,+21.672, +7.241,+0.895
1697989620,+3.47,+21.656, +7.242,+0.895
1697989920,+3.47,+21.681, +7.227,+0.894
1697990220,+3.47,+21.672, +7.236,+0.895
1697990520,+3.47,+21.689, +7.221,+0.894
1697990820,+3.47,+21.672, +7.229,+0.895
1697991120,+3.47,+21.697, +7.223,+0.895
1697991420,+3.47,+21.689, +7.221,+0.895
1697991720,+3.47,+21.697, +7.217,+0.894
1697992020,+3.47,+21.697, +7.220,+0.895
1697992320,+3.47,+21.697, +7.212,+0.894
1697992620,+3.47,+21.706, +7.216,+0.895
1697992920,+3.47,+21.714, +7.213,+0.895
1697993220,+3.47,+21.714, +7.206,+0.894
1697993520,+3.47,+21.706, +7.208,+0.895
1697993820,+3.47,+21.706, +7.210,+0.895
1697994120,+3.47,+21.714, +7.211,+0.895
1697994420,+3.47,+21.731, +7.199,+0.895
1697994720,+3.47,+21.723, +7.206,+0.895
1697995020,+3.47,+21.723, +7.201,+0.895
1697995320,+3.47,+21.714, +7.197,+0.894
1697995620,+3.47,+21.739, +7.198,+0.895
1697995920,+3.47,+21.723, +7.202,+0.895
1697996220,+3.47,+21.723, +7.194,+0.895
1697996520,+3.47,+21.739, +7.195,+0.895
1697996820,+3.47,+21.739, +7.186,+0.895
1697997120,+3.47,+21.731, +7.186,+0.895
1697997420,+3.47,+21.739, +7.192,+0.895
1697997720,+3.47,+21.748, +7.181,+0.895
1697998020,+3.47,+21.739, +7.174,+0.894
1697998320,+3.47,+21.748, +7.179,+0.895
1697998620,+3.47,+21.756, +7.180,+0.895
1697998920,+3.47,+21.739, +7.179,+0.895
1697999220,+3.47,+21.764, +7.172,+0.895
1697999520,+3.47,+21.748, +7.164,+0.894
1697999820,+3.47,+21.764, +7.167,+0.895
1698000120,+3.47,+21.748, +7.169,+0.895
1698000420,+3.47,+21.773, +7.159,+0.894
1698000720,+3.47,+21.764, +7.179,+0.896
1698001020,+3.47,+21.773, +7.166,+0.895
1698001320,+3.47,+21.798, +7.156,+0.895
1698001620,+3.47,+21.789, +7.149,+0.895
1698001920,+3.47,+21.764, +7.149,+0.894
1698002220,+3.47,+21.789, +7.149,+0.895
1698002520,+3.47,+21.764, +7.161,+0.895
1698002820,+3.47,+21.781, +7.152,+0.895
1698003120,+3.47,+21.773, +7.148,+0.894
1698003420,+3.47,+21.781, +7.154,+0.895
1698003720,+3.47,+21.781, +7.146,+0.895
1698004020,+3.47,+21.781, +7.139,+0.894
1698004320,+3.47,+21.789, +7.146,+0.895
1698004620,+3.47,+21.781, +7.149,+0.895
1698004920,+3.47,+21.781, +7.140,+0.894
1698005220,+3.47,+21.798, +7.147,+0.895
1698005520,+3.47,+21.773, +7.139,+0.895
1698005820,+3.47,+21.789, +7.129,+0.894
1698006120,+3.47,+21.781, +7.140,+0.895
1698006420,+3.47,+21.781, +7.134,+0.894
1698006720,+3.47,+21.773, +7.140,+0.895
1698007020,+3.47,+21.781, +7.140,+0.895
1698007320,+3.47,+21.781, +7.124,+0.894
1698007620,+3.47,+21.773, +7.126,+0.894
1698007920,+3.47,+21.781, +7.119,+0.894
1698008220,+3.47,+21.789, +7.131,+0.895
1698008520,+3.47,+21.781, +7.124,+0.894
1698008820,+3.47,+21.798, +7.129,+0.895
1698009120,+3.47,+21.781, +7.127,+0.895
1698009420,+3.47,+21.781, +7.120,+0.894
1698009720,+3.47,+21.781, +7.118,+0.895
1698010020,+3.47,+21.773, +7.116,+0.894
1698010320,+3.47,+21.789, +7.112,+0.894
1698010620,+3.47,+21.789, +7.112,+0.895
1698010920,+3.47,+21.789, +7.115,+0.895
1698011220,+3.47,+21.781, +7.123,+0.895
1698011520,+3.47,+21.789, +7.119,+0.895
1698011820,+3.47,+21.781, +7.109,+0.894
1698012120,+3.47,+21.789, +7.104,+0.894
1698012420,+3.47,+21.773, +7.110,+0.894
1698012720,+3.47,+21.781, +7.111,+0.895
1698013020,+3.47,+21.756, +7.105,+0.894
1698013320,+3.47,+21.756, +7.123,+0.895
1698013620,+3.47,+21.764, +7.105,+0.895
1698013920,+3.47,+21.773, +7.100,+0.894
1698014220,+3.47,+21.756, +7.121,+0.895
1698014520,+3.47,+21.748, +7.110,+0.895
1698014820,+3.47,+21.756, +7.101,+0.894
1698015120,+3.47,+21.773, +7.108,+0.895
1698015420,+3.47,+21.764, +7.115,+0.895
1698015720,+3.47,+21.748, +7.107,+0.895
1698016020,+3.47,+21.756, +7.107,+0.895
1698016320,+3.47,+21.756, +7.106,+0.895
1698016620,+3.47,+21.739, +7.109,+0.895
1698016920,+3.47,+21.748, +7.096,+0.894
1698017220,+3.47,+21.739, +7.102,+0.895
1698017520,+3.47,+21.739, +7.101,+0.895
1698017820,+3.47,+21.739, +7.099,+0.895
1698018120,+3.47,+21.748, +7.095,+0.894
1698018420,+3.47,+21.731, +7.102,+0.895
1698018720,+3.47,+21.739, +7.100,+0.895
1698019020,+3.47,+21.723, +7.098,+0.894
1698019320,+3.47,+21.723, +7.096,+0.895
1698019620,+3.47,+21.723, +7.095,+0.894
1698019920,+3.47,+21.723, +7.098,+0.895
1698020220,+3.47,+21.706, +7.102,+0.895
1698020520,+3.47,+21.723, +7.089,+0.894
1698020820,+3.47,+21.706, +7.094,+0.894
1698021120,+3.47,+21.723, +7.088,+0.894
1698021420,+3.47,+21.706, +7.092,+0.894
1698021720,+3.47,+21.714, +7.088,+0.895
1698022020,+3.47,+21.706, +7.092,+0.895
1698022320,+3.47,+21.689, +7.099,+0.895
1698022620,+3.47,+21.697, +7.085,+0.894
1698022920,+3.47,+21.689, +7.083,+0.894
1698023220,+3.47,+21.697, +7.082,+0.894
1698023520,+3.47,+21.689, +7.088,+0.895
1698023820,+3.47,+21.689, +7.083,+0.895
1698024120,+3.47,+21.689, +7.077,+0.894
1698024420,+3.47,+21.681, +7.089,+0.895
1698024720,+3.47,+21.689, +7.070,+0.894
1698025020,+3.47,+21.664, +7.091,+0.895
1698025320,+3.47,+21.672, +7.090,+0.895
1698025620,+3.47,+21.681, +7.084,+0.895
1698025920,+3.47,+21.681, +7.077,+0.895
1698026220,+3.47,+21.664, +7.082,+0.895
1698026520,+3.47,+21.664, +7.079,+0.895
1698026820,+3.47,+21.681, +7.070,+0.894
1698027120,+3.47,+21.681, +7.074,+0.895
1698027420,+3.47,+21.681, +7.071,+0.895
1698027720,+3.47,+21.672, +7.070,+0.895
1698028020,+3.47,+21.664, +7.066,+0.894
1698028320,+3.47,+21.656, +7.070,+0.895
1698028620,+3.47,+21.672, +7.064,+0.894
1698028920,+3.47,+21.656, +7.069,+0.894
1698029220,+3.47,+21.664, +7.073,+0.895
1698029520,+3.47,+21.647, +7.063,+0.894
1698029820,+3.47,+21.639, +7.065,+0.894
1698030120,+3.47,+21.639, +7.070,+0.895
1698030420,+3.47,+21.639, +7.074,+0.895
1698030720,+3.47,+21.647, +7.063,+0.895
1698031020,+3.47,+21.631, +7.062,+0.895
1698031320,+3.47,+21.639, +7.053,+0.894
1698031620,+3.47,+21.639, +7.061,+0.895
1698031920,+3.47,+21.639, +7.060,+0.895
1698032220,+3.47,+21.622, +7.061,+0.895
1698032520,+3.47,+21.605, +7.068,+0.895
1698032820,+3.47,+21.622, +7.059,+0.895
1698033120,+3.47,+21.605, +7.055,+0.894
1698033420,+3.47,+21.605, +7.058,+0.895
1698033720,+3.47,+21.614, +7.055,+0.895
1698034020,+3.47,+21.631, +7.046,+0.894
1698034320,+3.47,+21.622, +7.050,+0.895
1698034620,+3.47,+21.605, +7.054,+0.895
1698034920,+3.47,+21.614, +7.057,+0.895
1698035220,+3.47,+21.622, +7.049,+0.895
1698035520,+3.47,+21.614, +7.053,+0.895
1698035820,+3.47,+21.614, +7.045,+0.895
1698036120,+3.47,+21.605, +7.044,+0.895
1698036420,+3.47,+21.589, +7.052,+0.895
1698036720,+3.47,+21.597, +7.043,+0.895
1698037020,+3.47,+21.589, +7.054,+0.895
1698037320,+3.47,+21.597, +7.035,+0.894
1698037620,+3.47,+21.597, +7.034,+0.895
1698037920,+3.47,+21.597, +7.038,+0.895
1698038220,+3.47,+21.589, +7.037,+0.894
1698038520,+3.47,+21.589, +7.035,+0.895
1698038820,+3.47,+21.589, +7.030,+0.894
1698039120,+3.47,+21.580, +7.039,+0.895
1698039420,+3.47,+21.589, +7.026,+0.894
1698039720,+3.47,+21.580, +7.035,+0.895
1698040020,+3.47,+21.564, +7.034,+0.894
1698040320,+3.47,+21.555, +7.025,+0.894
1698040620,+3.47,+21.572, +7.030,+0.895
1698040920,+3.47,+21.572, +7.026,+0.894
1698041220,+3.47,+21.572, +7.027,+0.894
1698041520,+3.47,+21.572, +7.017,+0.894
1698041820,+3.47,+21.564, +7.033,+0.895
1698042120,+3.47,+21.564, +7.027,+0.895
1698042420,+3.47,+21.564, +7.026,+0.895
1698042720,+3.47,+21.564, +7.026,+0.895
1698043020,+3.47,+21.547, +7.023,+0.895
1698043320,+3.47,+21.555, +7.027,+0.895
1698043620,+3.47,+21.538, +7.013,+0.894
1698043920,+3.47,+21.547, +7.017,+0.894
1698044220,+3.47,+21.530, +7.018,+0.894
1698044520,+3.47,+21.530, +7.026,+0.895
1698044820,+3.47,+21.555, +7.006,+0.894
1698045120,+3.47,+21.538, +7.014,+0.894
1698045420,+3.47,+21.538, +7.011,+0.894
1698045720,+3.47,+21.538, +7.019,+0.895
1698046020,+3.47,+21.530, +7.018,+0.895
1698046320,+3.47,+21.522, +7.013,+0.894
1698046620,+3.47,+21.522, +7.012,+0.895
1698046920,+3.47,+21.522, +7.005,+0.894
1698047220,+3.47,+21.522, +7.006,+0.894
1698047520,+3.47,+21.522, +7.010,+0.895
1698047820,+3.47,+21.522, +7.003,+0.894
1698048120,+3.47,+21.513, +7.004,+0.894
1698048420,+3.47,+21.513, +7.004,+0.895
1698048720,+3.47,+21.497, +7.008,+0.895
1698049020,+3.47,+21.513, +6.991,+0.894
1698049320,+3.47,+21.513, +6.999,+0.895
1698049620,+3.47,+21.497, +7.001,+0.894
1698049920,+3.47,+21.488, +7.001,+0.895
1698050220,+3.47,+21.480, +7.001,+0.895
1698050520,+3.47,+21.472, +7.000,+0.895
1698050820,+3.47,+21.480, +7.005,+0.895
1698051120,+3.47,+21.463, +7.002,+0.895
1698051420,+3.47,+21.480, +6.993,+0.894
1698051720,+3.47,+21.463, +6.998,+0.895
1698052020,+3.47,+21.455, +6.997,+0.895
1698052320,+3.47,+21.472, +6.993,+0.895
1698052620,+3.47,+21.480, +6.987,+0.894
1698052920,+3.47,+21.472, +6.982,+0.894
1698053220,+3.47,+21.472, +6.979,+0.894
1698053520,+3.47,+21.446, +6.994,+0.895
1698053820,+3.47,+21.446, +6.986,+0.894
1698054120,+3.47,+21.463, +6.987,+0.895
1698054420,+3.47,+21.463, +6.985,+0.895
1698054720,+3.47,+21.455, +6.975,+0.894
1698055020,+3.47,+21.446, +6.988,+0.895
1698055320,+3.47,+21.430, +6.983,+0.894
1698055620,+3.47,+21.438, +6.983,+0.895
1698055920,+3.47,+21.430, +6.978,+0.894
1698056220,+3.47,+21.430, +6.979,+0.894
1698056520,+3.47,+21.430, +6.975,+0.894
1698056820,+3.47,+21.438, +6.979,+0.895
1698057120,+3.47,+21.413, +6.979,+0.894
1698057420,+3.47,+21.430, +6.977,+0.894
1698057720,+3.47,+21.405, +6.979,+0.894
1698058020,+3.47,+21.421, +6.977,+0.895
1698058320,+3.47,+21.421, +6.966,+0.894
1698058620,+3.47,+21.405, +6.976,+0.894
1698058920,+3.47,+21.421, +6.966,+0.894
1698059220,+3.47,+21.405, +6.964,+0.894
1698059520,+3.47,+21.413, +6.966,+0.894
