7450-566774
OS REV: 1.05 Sensor Cal: 1679419749
Time (sec),  BV (Volts),  T (deg C),  DO (mg/l),  Q ()
1697713020,+3.48, +9.328,+11.073,+0.906
1697713320,+3.48, +9.273,+11.093,+0.906
1697713620,+3.48, +9.226,+11.113,+0.907
1697713920,+3.48, +9.189,+11.121,+0.907
1697714220,+3.48, +9.125,+11.143,+0.907
1697714520,+3.48, +9.097,+11.143,+0.907
1697714820,+3.48, +9.069,+11.139,+0.906
1697715120,+3.48, +9.013,+11.162,+0.907
1697715420,+3.48, +8.995,+11.173,+0.907
1697715720,+3.48, +8.976,+11.161,+0.906
1697716020,+3.47, +8.920,+11.186,+0.907
1697716320,+3.47, +8.892,+11.200,+0.907
1697716620,+3.47, +8.874,+11.195,+0.907
1697716920,+3.47, +8.864,+11.216,+0.907
1697717220,+3.47, +8.855,+11.211,+0.907
1697717520,+3.47, +8.864,+11.197,+0.907
1697717820,+3.47, +8.874,+11.186,+0.906
1697718120,+3.47, +8.874,+11.187,+0.906
1697718420,+3.47, +8.892,+11.208,+0.907
1697718720,+3.47, +8.939,+11.182,+0.907
1697719020,+3.47, +8.976,+11.178,+0.907
1697719320,+3.47, +9.013,+11.143,+0.906
1697719620,+3.47, +9.050,+11.153,+0.907
1697719920,+3.47, +9.097,+11.142,+0.907
1697720220,+3.47, +9.134,+11.121,+0.906
1697720520,+3.47, +9.189,+11.097,+0.906
1697720820,+3.47, +9.254,+11.099,+0.907
1697721120,+3.47, +9.291,+11.091,+0.906
1697721420,+3.47, +9.347,+11.077,+0.906
1697721720,+3.47, +9.430,+11.044,+0.906
1697722020,+3.47, +9.494,+11.036,+0.906
1697722320,+3.47, +9.568,+11.024,+0.906
1697722620,+3.47, +9.660,+10.995,+0.905
1697722920,+3.47, +9.724,+10.987,+0.906
1697723220,+3.47, +9.807,+10.972,+0.906
1697723520,+3.47, +9.926,+10.927,+0.905
1697723820,+3.47, +9.999,+10.918,+0.905
1697724120,+3.47,+10.118,+10.888,+0.905
1697724420,+3.47,+10.209,+10.880,+0.906
1697724720,+3.47,+10.337,+10.835,+0.905
1697725020,+3.47,+10.473,+10.825,+0.906
1697725320,+3.47,+10.609,+10.778,+0.905
1697725620,+3.47,+10.763,+10.746,+0.905
1697725920,+3.47,+10.916,+10.714,+0.905
1697726220,+3.47,+11.087,+10.678,+0.905
1697726520,+3.47,+11.285,+10.627,+0.905
1697726820,+3.47,+11.464,+10.572,+0.904
1697727120,+3.47,+11.679,+10.527,+0.904
1697727420,+3.47,+11.893,+10.483,+0.904
1697727720,+3.47,+12.115,+10.435,+0.904
1697728020,+3.47,+12.381,+10.342,+0.904
1697728320,+3.47,+12.672,+10.282,+0.904
1697728620,+3.47,+12.901,+10.228,+0.903
1697728920,+3.46,+13.147,+10.179,+0.903
1697729220,+3.46,+13.392,+10.114,+0.903
1697729520,+3.47,+13.584,+10.094,+0.903
1697729820,+3.47,+13.828,+10.069,+0.902
1697730120,+3.47,+14.080, +9.993,+0.901
1697730420,+3.46,+14.288, +9.969,+0.902
1697730720,+3.46,+14.547, +9.888,+0.901
1697731020,+3.47,+14.789, +9.858,+0.901
1697731320,+3.46,+15.211, +9.770,+0.901
1697731620,+3.46,+15.605, +9.694,+0.901
1697731920,+3.47,+15.938, +9.600,+0.899
1697732220,+3.46,+16.220, +9.561,+0.899
1697732520,+3.46,+16.467, +9.521,+0.900
1697732820,+3.46,+16.721, +9.450,+0.898
1697733120,+3.46,+16.951, +9.411,+0.898
1697733420,+3.46,+17.162, +9.375,+0.898
1697733720,+3.46,+17.374, +9.332,+0.898
1697734020,+3.46,+17.543, +9.296,+0.898
1697734320,+3.46,+17.754, +9.231,+0.897
1697734620,+3.46,+17.915, +9.230,+0.898
1697734920,+3.46,+18.083, +9.182,+0.897
1697735220,+3.46,+18.243, +9.165,+0.898
1697735520,+3.46,+18.395, +9.130,+0.898
1697735820,+3.46,+18.546, +9.101,+0.898
1697736120,+3.46,+18.689, +9.079,+0.898
1697736420,+3.46,+18.841, +9.052,+0.898
1697736720,+3.46,+18.967, +9.029,+0.898
1697737020,+3.46,+19.101, +8.996,+0.897
1697737320,+3.46,+19.235, +8.986,+0.898
1697737620,+3.46,+19.361, +8.964,+0.898
1697737920,+3.46,+19.495, +8.939,+0.898
1697738220,+3.46,+19.630, +8.905,+0.897
1697738520,+3.46,+19.747, +8.883,+0.897
1697738820,+3.46,+19.848, +8.860,+0.896
1697739120,+3.46,+19.931, +8.835,+0.896
1697739420,+3.46,+19.965, +8.830,+0.896
1697739720,+3.46,+19.982, +8.837,+0.897
1697740020,+3.46,+20.015, +8.827,+0.897
1697740320,+3.46,+20.024, +8.828,+0.897
1697740620,+3.46,+20.057, +8.827,+0.897
1697740920,+3.46,+20.057, +8.822,+0.897
1697741220,+3.46,+20.082, +8.812,+0.896
1697741520,+3.46,+20.107, +8.807,+0.897
1697741820,+3.46,+20.124, +8.808,+0.897
1697742120,+3.46,+20.199, +8.790,+0.896
1697742420,+3.46,+20.760, +8.697,+0.896
1697742720,+3.46,+21.087, +8.644,+0.896
1697743020,+3.46,+21.338, +8.603,+0.896
1697743320,+3.46,+21.564, +8.577,+0.897
1697743620,+3.46,+21.723, +8.558,+0.897
1697743920,+3.46,+21.907, +8.522,+0.897
1697744220,+3.46,+22.024, +8.495,+0.896
1697744520,+3.46,+22.166, +8.472,+0.896
1697744820,+3.46,+22.275, +8.444,+0.896
1697745120,+3.46,+22.375, +8.425,+0.896
1697745420,+3.46,+22.484, +8.403,+0.896
1697745720,+3.46,+22.576, +8.382,+0.896
1697746020,+3.46,+22.660, +8.376,+0.896
1697746320,+3.46,+22.760, +8.356,+0.896
1697746620,+3.46,+22.869, +8.351,+0.896
1697746920,+3.46,+22.961, +8.322,+0.896
1697747220,+3.46,+23.020, +8.315,+0.896
1697747520,+3.46,+23.104, +8.292,+0.896
1697747820,+3.46,+23.171, +8.290,+0.896
1697748120,+3.46,+23.238, +8.275,+0.896
1697748420,+3.46,+23.305, +8.264,+0.896
1697748720,+3.46,+23.380, +8.242,+0.895
1697749020,+3.46,+23.430, +8.242,+0.896
1697749320,+3.46,+23.497, +8.218,+0.895
1697749620,+3.46,+23.539, +8.214,+0.895
1697749920,+3.46,+23.581, +8.214,+0.896
1697750220,+3.46,+23.632, +8.200,+0.895
1697750520,+3.46,+23.657, +8.202,+0.896
1697750820,+3.46,+23.699, +8.192,+0.896
1697751120,+3.46,+23.707, +8.199,+0.896
1697751420,+3.46,+23.724, +8.190,+0.896
1697751720,+3.46,+23.732, +8.200,+0.897
1697752020,+3.46,+23.757, +8.175,+0.895
1697752320,+3.46,+23.757, +8.189,+0.896
1697752620,+3.46,+23.749, +8.183,+0.896
1697752920,+3.46,+23.741, +8.181,+0.896
1697753220,+3.46,+23.699, +8.178,+0.896
1697753520,+3.46,+23.690, +8.181,+0.896
1697753820,+3.46,+23.657, +8.183,+0.896
1697754120,+3.46,+23.632, +8.192,+0.896
1697754420,+3.46,+23.573, +8.199,+0.896
1697754720,+3.46,+23.556, +8.198,+0.896
1697755020,+3.46,+23.506, +8.191,+0.895
1697755320,+3.46,+23.447, +8.216,+0.896
1697755620,+3.46,+23.397, +8.216,+0.896
1697755920,+3.47,+23.338, +8.214,+0.896
1697756220,+3.46,+23.271, +8.235,+0.896
1697756520,+3.46,+23.204, +8.236,+0.896
1697756820,+3.46,+23.120, +8.255,+0.896
1697757120,+3.46,+23.045, +8.250,+0.895
1697757420,+3.46,+22.944, +8.281,+0.897
1697757720,+3.46,+22.852, +8.281,+0.896
1697758020,+3.46,+22.769, +8.278,+0.895
1697758320,+3.47,+22.668, +8.308,+0.896
1697758620,+3.47,+22.551, +8.330,+0.897
1697758920,+3.47,+22.450, +8.335,+0.896
1697759220,+3.47,+22.342, +8.353,+0.896
1697759520,+3.47,+22.241, +8.349,+0.895
1697759820,+3.46,+22.141, +8.387,+0.897
1697760120,+3.46,+22.015, +8.410,+0.897
1697760420,+3.46,+21.907, +8.414,+0.896
1697760720,+3.47,+21.798, +8.441,+0.897
1697761020,+3.47,+21.681, +8.458,+0.897
1697761320,+3.47,+21.564, +8.464,+0.896
1697761620,+3.47,+21.463, +8.488,+0.897
1697761920,+3.47,+21.338, +8.492,+0.896
1697762220,+3.47,+21.229, +8.508,+0.896
1697762520,+3.47,+21.095, +8.525,+0.896
1697762820,+3.47,+21.003, +8.539,+0.897
1697763120,+3.47,+20.886, +8.572,+0.897
1697763420,+3.47,+20.744, +8.577,+0.896
1697763720,+3.47,+20.643, +8.599,+0.897
1697764020,+3.47,+20.543, +8.609,+0.897
1697764320,+3.47,+20.426, +8.631,+0.897
1697764620,+3.47,+20.292, +8.664,+0.897
1697764920,+3.47,+20.208, +8.673,+0.898
1697765220,+3.47,+20.091, +8.674,+0.896
1697765520,+3.47,+19.965, +8.699,+0.897
1697765820,+3.47,+19.873, +8.712,+0.897
1697766120,+3.47,+19.781, +8.731,+0.897
1697766420,+3.47,+19.672, +8.733,+0.896
1697766720,+3.47,+19.588, +8.761,+0.897
1697767020,+3.47,+19.495, +8.770,+0.897
1697767320,+3.47,+19.420, +8.781,+0.897
1697767620,+3.47,+19.328, +8.808,+0.897
1697767920,+3.47,+19.261, +8.821,+0.898
1697768220,+3.47,+19.185, +8.819,+0.897
1697768520,+3.47,+19.118, +8.836,+0.897
1697768820,+3.47,+19.067, +8.846,+0.898
1697769120,+3.47,+19.009, +8.837,+0.897
1697769420,+3.47,+18.933, +8.855,+0.897
1697769720,+3.47,+18.883, +8.864,+0.897
1697770020,+3.47,+18.824, +8.857,+0.897
1697770320,+3.47,+18.757, +8.891,+0.897
1697770620,+3.47,+18.723, +8.891,+0.897
1697770920,+3.47,+18.681, +8.890,+0.897
1697771220,+3.47,+18.630, +8.884,+0.897
1697771520,+3.47,+18.588, +8.901,+0.897
1697771820,+3.47,+18.555, +8.907,+0.897
1697772120,+3.47,+18.487, +8.919,+0.898
1697772420,+3.47,+18.437, +8.924,+0.897
1697772720,+3.47,+18.395, +8.931,+0.897
1697773020,+3.47,+18.336, +8.936,+0.897
1697773320,+3.47,+18.302, +8.948,+0.898
1697773620,+3.47,+18.269, +8.953,+0.898
1697773920,+3.47,+18.243, +8.955,+0.898
1697774220,+3.47,+18.201, +8.950,+0.897
1697774520,+3.47,+18.159, +8.964,+0.898
1697774820,+3.47,+18.117, +8.963,+0.897
1697775120,+3.47,+18.092, +8.966,+0.897
1697775420,+3.47,+18.058, +8.970,+0.897
1697775720,+3.47,+18.016, +8.987,+0.898
1697776020,+3.47,+17.991, +8.980,+0.897
1697776320,+3.47,+17.965, +8.990,+0.898
1697776620,+3.47,+17.931, +8.990,+0.898
1697776920,+3.47,+17.898, +8.992,+0.897
1697777220,+3.47,+17.864, +9.000,+0.898
1697777520,+3.47,+17.839, +9.003,+0.897
1697777820,+3.47,+17.822, +9.010,+0.898
1697778120,+3.47,+17.788, +9.010,+0.898
1697778420,+3.47,+17.771, +9.002,+0.897
1697778720,+3.47,+17.737, +9.007,+0.897
1697779020,+3.47,+17.695, +9.028,+0.898
1697779320,+3.47,+17.704, +9.018,+0.898
1697779620,+3.47,+17.678, +9.004,+0.897
1697779920,+3.47,+17.619, +9.027,+0.898
1697780220,+3.47,+17.594, +9.035,+0.898
1697780520,+3.47,+17.568, +9.032,+0.898
1697780820,+3.47,+17.535, +9.039,+0.898
1697781120,+3.47,+17.501, +9.018,+0.897
1697781420,+3.47,+17.459, +9.029,+0.897
1697781720,+3.47,+17.433, +9.033,+0.897
1697782020,+3.47,+17.366, +9.068,+0.898
1697782320,+3.47,+17.349, +9.064,+0.898
1697782620,+3.47,+17.323, +9.064,+0.898
1697782920,+3.47,+17.264, +9.071,+0.898
1697783220,+3.47,+17.239, +9.081,+0.898
1697783520,+3.47,+17.188, +9.078,+0.897
1697783820,+3.47,+17.171, +9.089,+0.898
1697784120,+3.47,+17.129, +9.088,+0.898
1697784420,+3.47,+17.086, +9.091,+0.897
1697784720,+3.47,+17.035, +9.107,+0.898
1697785020,+3.47,+16.985, +9.116,+0.898
1697785320,+3.47,+16.934, +9.125,+0.898
1697785620,+3.47,+16.908, +9.122,+0.898
1697785920,+3.47,+16.832, +9.133,+0.898
1697786220,+3.47,+16.798, +9.145,+0.898
1697786520,+3.47,+16.730, +9.158,+0.899
1697786820,+3.47,+16.679, +9.165,+0.899
1697787120,+3.47,+16.620, +9.183,+0.899
1697787420,+3.47,+16.569, +9.186,+0.899
1697787720,+3.47,+16.509, +9.183,+0.898
1697788020,+3.47,+16.450, +9.201,+0.898
1697788320,+3.47,+16.398, +9.205,+0.899
1697788620,+3.47,+16.347, +9.215,+0.899
1697788920,+3.47,+16.305, +9.208,+0.898
1697789220,+3.47,+16.245, +9.235,+0.899
1697789520,+3.47,+16.186, +9.243,+0.899
1697789820,+3.47,+16.126, +9.255,+0.899
1697790120,+3.47,+16.066, +9.254,+0.898
1697790420,+3.47,+16.015, +9.271,+0.899
1697790720,+3.47,+15.981, +9.270,+0.899
1697791020,+3.47,+15.913, +9.276,+0.899
1697791320,+3.47,+15.870, +9.288,+0.899
1697791620,+3.47,+15.810, +9.311,+0.899
1697791920,+3.47,+15.750, +9.321,+0.899
1697792220,+3.47,+15.708, +9.319,+0.899
1697792520,+3.47,+15.665, +9.329,+0.899
1697792820,+3.47,+15.631, +9.329,+0.899
1697793120,+3.47,+15.588, +9.343,+0.900
1697793420,+3.47,+15.545, +9.338,+0.899
1697793720,+3.47,+15.511, +9.349,+0.899
1697794020,+3.47,+15.459, +9.360,+0.899
1697794320,+3.47,+15.408, +9.368,+0.899
1697794620,+3.47,+15.374, +9.378,+0.900
1697794920,+3.47,+15.339, +9.384,+0.900
1697795220,+3.47,+15.296, +9.393,+0.900
1697795520,+3.47,+15.262, +9.402,+0.900
1697795820,+3.47,+15.202, +9.423,+0.900
1697796120,+3.47,+15.168, +9.414,+0.900
1697796420,+3.47,+15.150, +9.407,+0.899
1697796720,+3.47,+15.125, +9.412,+0.900
1697797020,+3.47,+15.090, +9.435,+0.900
1697797320,+3.47,+15.039, +9.446,+0.900
1697797620,+3.47,+15.013, +9.441,+0.900
1697797920,+3.47,+14.970, +9.437,+0.899
1697798220,+3.47,+14.944, +9.455,+0.900
1697798520,+3.47,+14.901, +9.454,+0.900
1697798820,+3.47,+14.867, +9.464,+0.900
1697799120,+3.47,+14.832, +9.471,+0.900
1697799420,+3.47,+14.806, +9.471,+0.900
