7450-458163
OS REV: 1.05 Sensor Cal: 1679088563
Time (sec),  BV (Volts),  T (deg C),  DO (mg/l),  Q ()
1690883880,+3.55,+20.465, +8.961,+0.959
1690884180,+3.54,+20.850, +8.902,+0.959
1690884480,+3.55,+20.833, +8.904,+0.959
1690884780,+3.55,+20.816, +8.916,+0.960
1690885080,+3.55,+20.758, +8.919,+0.960
1690885380,+3.55,+20.716, +8.935,+0.960
1690885680,+3.55,+20.716, +8.933,+0.959
1690885980,+3.55,+20.649, +8.945,+0.959
1690886280,+3.55,+20.557, +8.955,+0.959
1690886580,+3.55,+20.465, +8.965,+0.959
1690886880,+3.55,+20.381, +8.992,+0.959
1690887180,+3.55,+20.331, +9.007,+0.959
1690887480,+3.55,+20.289, +9.008,+0.959
1690887780,+3.55,+20.239, +9.050,+0.960
1690888080,+3.55,+20.230, +9.057,+0.959
1690888380,+3.55,+20.205, +9.063,+0.960
1690888680,+3.55,+20.548, +9.003,+0.960
1690888980,+3.54,+20.774, +8.967,+0.959
1690889280,+3.54,+20.816, +8.970,+0.959
1690889580,+3.54,+20.816, +8.968,+0.959
1690889880,+3.54,+20.850, +8.967,+0.959
1690890180,+3.54,+20.900, +8.979,+0.960
1690890480,+3.54,+21.051, +8.949,+0.960
1690890780,+3.55,+21.318, +8.910,+0.959
1690891080,+3.54,+21.653, +8.861,+0.960
1690891380,+3.54,+21.929, +8.821,+0.960
1690891680,+3.54,+22.180, +8.777,+0.959
1690891980,+3.54,+22.439, +8.739,+0.959
1690892280,+3.54,+22.707, +8.706,+0.960
1690892580,+3.54,+22.983, +8.666,+0.959
1690892880,+3.54,+23.326, +8.623,+0.960
1690893180,+3.54,+23.703, +8.562,+0.959
1690893480,+3.54,+24.097, +8.507,+0.960
1690893780,+3.54,+24.474, +8.463,+0.960
1690894080,+3.54,+24.810, +8.402,+0.960
1690894380,+3.53,+25.348, +8.332,+0.960
1690894680,+3.54,+25.913, +8.252,+0.960
1690894980,+3.53,+26.437, +8.181,+0.960
1690895280,+3.54,+26.809, +8.132,+0.960
1690895580,+3.54,+26.547, +8.152,+0.960
1690895880,+3.53,+26.394, +8.187,+0.960
1690896180,+3.54,+26.682, +8.311,+0.962
1690896480,+3.54,+26.944, +5.532,+0.960
1690896780,+3.54,+27.038, +5.522,+0.960
1690897080,+3.54,+27.046, +5.489,+0.960
1690897380,+3.54,+27.072, +5.471,+0.960
1690897680,+3.54,+27.123, +5.408,+0.960
1690897980,+3.54,+27.156, +5.342,+0.960
1690898280,+3.54,+27.207, +5.302,+0.960
1690898580,+3.54,+27.216, +5.270,+0.960
1690898880,+3.53,+27.275, +5.208,+0.960
1690899180,+3.53,+27.292, +5.156,+0.960
1690899480,+3.53,+27.326, +5.125,+0.960
1690899780,+3.53,+27.352, +5.091,+0.960
1690900080,+3.53,+27.377, +5.050,+0.960
1690900380,+3.53,+27.411, +5.016,+0.959
1690900680,+3.53,+27.394, +5.000,+0.960
1690900980,+3.53,+27.445, +4.966,+0.960
1690901280,+3.53,+27.471, +4.923,+0.959
1690901580,+3.53,+27.471, +4.891,+0.960
1690901880,+3.53,+27.496, +4.864,+0.960
1690902180,+3.53,+27.522, +4.827,+0.960
1690902480,+3.53,+27.530, +4.792,+0.960
1690902780,+3.53,+27.564, +4.729,+0.959
1690903080,+3.53,+27.590, +4.706,+0.960
1690903380,+3.53,+27.590, +4.668,+0.960
1690903680,+3.53,+27.590, +4.636,+0.960
1690903980,+3.54,+27.615, +4.607,+0.960
1690904280,+3.54,+27.632, +4.578,+0.959
1690904580,+3.54,+27.649, +4.563,+0.959
1690904880,+3.54,+27.658, +4.546,+0.960
1690905180,+3.54,+27.683, +4.511,+0.959
1690905480,+3.54,+27.717, +4.498,+0.960
1690905780,+3.54,+27.751, +4.461,+0.960
1690906080,+3.54,+27.734, +4.459,+0.960
1690906380,+3.54,+27.785, +4.436,+0.959
1690906680,+3.54,+27.794, +4.437,+0.960
1690906980,+3.54,+27.811, +4.431,+0.960
1690907280,+3.54,+27.930, +4.712,+0.960
1690907580,+3.54,+27.904, +7.998,+0.960
1690907880,+3.54,+28.160, +7.824,+0.960
1690908180,+3.54,+28.870, +7.692,+0.960
1690908480,+3.54,+29.247, +7.604,+0.960
1690908780,+3.54,+30.185, +7.505,+0.960
1690909080,+3.54,+30.108, +7.495,+0.961
1690909380,+3.53,+29.771, +7.415,+0.961
1690909680,+3.54,+29.376, +7.375,+0.961
1690909980,+3.54,+29.041, +7.351,+0.961
1690910280,+3.54,+28.801, +7.408,+0.960
1690910580,+3.54,+28.870, +7.505,+0.961
1690910880,+3.54,+29.015, +7.528,+0.960
1690911180,+3.54,+29.204, +7.544,+0.961
1690911480,+3.54,+29.367, +7.513,+0.960
1690911780,+3.53,+29.659, +7.500,+0.961
1690912080,+3.54,+29.875, +7.474,+0.960
1690912380,+3.54,+30.263, +7.453,+0.960
1690912680,+3.53,+30.757, +7.432,+0.961
1690912980,+3.54,+31.234, +7.374,+0.961
1690913280,+3.53,+31.565, +7.318,+0.961
1690913580,+3.53,+31.504, +7.233,+0.960
1690913880,+3.53,+31.609, +7.257,+0.960
1690914180,+3.53,+31.530, +7.208,+0.959
1690914480,+3.53,+31.679, +7.266,+0.961
1690914780,+3.54,+32.107, +7.244,+0.960
1690915080,+3.53,+32.598, +7.203,+0.959
1690915380,+3.53,+33.056, +7.141,+0.958
1690915680,+3.54,+33.374, +7.075,+0.958
1690915980,+3.54,+33.268, +7.027,+0.958
1690916280,+3.53,+33.197, +6.988,+0.958
1690916580,+3.54,+33.224, +6.993,+0.958
1690916880,+3.53,+33.215, +6.934,+0.957
1690917180,+3.54,+33.471, +7.023,+0.958
1690917480,+3.53,+33.710, +7.016,+0.957
1690917780,+3.53,+33.648, +6.937,+0.957
1690918080,+3.53,+33.630, +6.900,+0.957
1690918380,+3.54,+33.259, +6.886,+0.957
1690918680,+3.53,+32.906, +6.883,+0.957
1690918980,+3.54,+32.598, +6.762,+0.958
1690919280,+3.54,+32.361, +6.778,+0.959
1690919580,+3.54,+32.160, +6.819,+0.958
1690919880,+3.53,+31.950, +6.918,+0.959
1690920180,+3.54,+31.792, +6.980,+0.959
1690920480,+3.54,+31.653, +7.057,+0.960
1690920780,+3.54,+31.548, +7.113,+0.959
1690921080,+3.54,+31.461, +7.116,+0.959
1690921380,+3.54,+31.417, +7.096,+0.959
1690921680,+3.54,+31.382, +7.092,+0.960
1690921980,+3.54,+31.400, +7.068,+0.959
1690922280,+3.54,+31.365, +7.063,+0.959
1690922580,+3.54,+31.365, +7.031,+0.959
1690922880,+3.54,+31.382, +7.009,+0.959
1690923180,+3.54,+31.391, +6.976,+0.958
1690923480,+3.54,+31.417, +6.962,+0.959
1690923780,+3.54,+31.426, +6.919,+0.958
1690924080,+3.54,+31.400, +6.605,+0.958
1690924380,+3.54,+31.295, +6.749,+0.959
1690924680,+3.54,+31.165, +6.754,+0.959
1690924980,+3.54,+31.052, +6.824,+0.959
1690925280,+3.54,+30.947, +6.869,+0.960
1690925580,+3.54,+30.817, +6.881,+0.959
1690925880,+3.54,+30.713, +6.952,+0.959
1690926180,+3.54,+30.653, +7.056,+0.959
1690926480,+3.54,+30.583, +7.041,+0.960
1690926780,+3.54,+30.427, +6.971,+0.959
1690927080,+3.54,+30.272, +6.827,+0.959
1690927380,+3.54,+29.419, +7.633,+0.961
1690927680,+3.55,+28.263, +7.792,+0.961
1690927980,+3.55,+27.615, +7.867,+0.961
1690928280,+3.55,+27.114, +7.932,+0.961
1690928580,+3.55,+26.690, +7.983,+0.961
1690928880,+3.55,+26.352, +8.024,+0.961
1690929180,+3.55,+26.040, +8.072,+0.962
1690929480,+3.55,+25.744, +8.112,+0.961
1690929780,+3.55,+25.441, +8.157,+0.961
1690930080,+3.55,+25.172, +8.191,+0.961
1690930380,+3.55,+24.928, +8.231,+0.962
1690930680,+3.55,+24.676, +8.262,+0.962
1690930980,+3.55,+24.483, +8.290,+0.962
1690931280,+3.55,+24.264, +8.307,+0.961
1690931580,+3.55,+24.072, +8.344,+0.962
1690931880,+3.55,+23.937, +8.348,+0.961
1690932180,+3.55,+23.761, +8.379,+0.961
1690932480,+3.55,+23.602, +8.395,+0.961
1690932780,+3.55,+23.460, +8.421,+0.961
1690933080,+3.55,+23.309, +8.453,+0.962
1690933380,+3.55,+23.200, +8.463,+0.962
1690933680,+3.55,+23.108, +8.468,+0.961
1690933980,+3.55,+22.983, +8.484,+0.961
1690934280,+3.55,+22.891, +8.492,+0.961
1690934580,+3.55,+22.807, +8.512,+0.961
1690934880,+3.55,+22.715, +8.525,+0.961
1690935180,+3.55,+22.631, +8.531,+0.961
1690935480,+3.55,+22.548, +8.546,+0.961
1690935780,+3.56,+22.481, +8.552,+0.961
1690936080,+3.56,+22.405, +8.570,+0.962
1690936380,+3.56,+22.347, +8.569,+0.961
1690936680,+3.55,+22.272, +8.576,+0.961
1690936980,+3.55,+22.196, +8.596,+0.961
1690937280,+3.55,+22.138, +8.604,+0.961
1690937580,+3.55,+22.071, +8.605,+0.961
1690937880,+3.55,+22.021, +8.625,+0.961
1690938180,+3.55,+21.987, +8.617,+0.961
1690938480,+3.55,+21.904, +8.632,+0.961
1690938780,+3.55,+21.870, +8.640,+0.961
1690939080,+3.55,+21.820, +8.647,+0.961
1690939380,+3.55,+21.778, +8.655,+0.961
1690939680,+3.55,+21.720, +8.658,+0.961
1690939980,+3.55,+21.670, +8.668,+0.961
1690940280,+3.55,+21.636, +8.668,+0.960
1690940580,+3.55,+21.628, +8.670,+0.961
1690940880,+3.55,+21.586, +8.670,+0.960
1690941180,+3.55,+21.544, +8.683,+0.961
1690941480,+3.55,+21.511, +8.683,+0.960
1690941780,+3.55,+21.486, +8.691,+0.961
1690942080,+3.55,+21.435, +8.708,+0.961
1690942380,+3.55,+21.435, +8.699,+0.960
1690942680,+3.55,+21.410, +8.699,+0.960
1690942980,+3.55,+21.352, +8.708,+0.960
1690943280,+3.55,+21.327, +8.715,+0.961
1690943580,+3.55,+21.310, +8.723,+0.961
1690943880,+3.55,+21.285, +8.725,+0.961
1690944180,+3.55,+21.251, +8.718,+0.960
1690944480,+3.55,+21.218, +8.735,+0.961
1690944780,+3.55,+21.201, +8.731,+0.960
1690945080,+3.55,+21.193, +8.725,+0.960
1690945380,+3.55,+21.176, +8.727,+0.960
1690945680,+3.55,+21.134, +8.734,+0.960
1690945980,+3.55,+21.117, +8.743,+0.961
1690946280,+3.55,+21.101, +8.741,+0.960
1690946580,+3.55,+21.092, +8.745,+0.961
1690946880,+3.55,+21.084, +8.739,+0.960
1690947180,+3.55,+21.092, +8.737,+0.960
1690947480,+3.55,+21.059, +8.739,+0.960
1690947780,+3.55,+21.067, +8.745,+0.961
1690948080,+3.55,+21.042, +8.753,+0.961
1690948380,+3.55,+21.042, +8.746,+0.960
1690948680,+3.55,+21.034, +8.753,+0.961
1690948980,+3.55,+21.025, +8.746,+0.960
1690949280,+3.55,+21.017, +8.754,+0.960
1690949580,+3.55,+21.017, +8.753,+0.961
1690949880,+3.55,+21.009, +8.756,+0.961
1690950180,+3.55,+21.000, +8.741,+0.960
1690950480,+3.55,+20.992, +8.751,+0.960
1690950780,+3.55,+21.000, +8.739,+0.960
1690951080,+3.55,+21.000, +8.745,+0.960
1690951380,+3.55,+20.984, +8.752,+0.961
1690951680,+3.55,+20.967, +8.755,+0.961
1690951980,+3.55,+20.992, +8.742,+0.960
1690952280,+3.55,+20.984, +8.740,+0.960
1690952580,+3.55,+20.984, +8.741,+0.960
1690952880,+3.55,+20.959, +8.744,+0.960
1690953180,+3.55,+20.975, +8.740,+0.960
1690953480,+3.55,+20.967, +8.739,+0.960
1690953780,+3.55,+20.967, +8.732,+0.959
1690954080,+3.55,+20.959, +8.737,+0.960
1690954380,+3.55,+20.975, +8.738,+0.960
1690954680,+3.55,+20.975, +8.732,+0.960
1690954980,+3.55,+20.950, +8.738,+0.960
1690955280,+3.55,+20.959, +8.741,+0.960
1690955580,+3.55,+20.984, +8.740,+0.961
1690955880,+3.55,+20.984, +8.728,+0.960
1690956180,+3.54,+20.975, +8.738,+0.961
1690956480,+3.54,+20.959, +8.731,+0.960
1690956780,+3.54,+21.000, +8.727,+0.960
1690957080,+3.54,+20.992, +8.725,+0.960
1690957380,+3.54,+20.975, +8.733,+0.960
1690957680,+3.54,+20.967, +8.735,+0.960
1690957980,+3.54,+20.967, +8.716,+0.959
1690958280,+3.54,+20.959, +8.734,+0.960
1690958580,+3.54,+20.975, +8.724,+0.960
1690958880,+3.54,+20.959, +8.727,+0.960
1690959180,+3.54,+20.967, +8.729,+0.960
1690959480,+3.54,+20.975, +8.719,+0.960
1690959780,+3.54,+20.967, +8.727,+0.960
1690960080,+3.54,+20.984, +8.713,+0.960
1690960380,+3.54,+20.975, +8.723,+0.960
1690960680,+3.54,+20.975, +8.720,+0.960
1690960980,+3.54,+20.967, +8.717,+0.960
1690961280,+3.54,+20.967, +8.720,+0.960
1690961580,+3.54,+20.942, +8.720,+0.960
1690961880,+3.54,+20.967, +8.712,+0.960
1690962180,+3.54,+20.959, +8.715,+0.960
1690962480,+3.54,+20.992, +8.709,+0.960
1690962780,+3.54,+20.959, +8.713,+0.960
1690963080,+3.54,+20.967, +8.717,+0.961
1690963380,+3.54,+20.975, +8.702,+0.960
1690963680,+3.54,+20.975, +8.700,+0.959
1690963980,+3.54,+20.967, +8.705,+0.959
1690964280,+3.54,+20.975, +8.701,+0.960
1690964580,+3.54,+20.975, +8.695,+0.959
1690964880,+3.54,+20.975, +8.699,+0.960
1690965180,+3.54,+20.975, +8.704,+0.960
1690965480,+3.54,+20.984, +8.689,+0.959
1690965780,+3.54,+20.992, +8.695,+0.960
1690966080,+3.54,+20.975, +8.695,+0.960
1690966380,+3.54,+20.992, +8.688,+0.960
1690966680,+3.54,+20.984, +8.698,+0.960
1690966980,+3.54,+20.992, +8.682,+0.959
1690967280,+3.54,+21.009, +8.685,+0.960
1690967580,+3.54,+20.984, +8.694,+0.960
1690967880,+3.54,+20.984, +8.692,+0.960
1690968180,+3.54,+20.992, +8.684,+0.960
1690968480,+3.54,+20.992, +8.691,+0.960
1690968780,+3.54,+20.984, +8.714,+0.960
1690969080,+3.54,+21.009, +8.719,+0.960
1690969380,+3.54,+20.875, +8.738,+0.960
1690969680,+3.54,+20.733, +8.760,+0.959
1690969980,+3.54,+20.632, +8.780,+0.960
1690970280,+3.54,+20.507, +8.799,+0.959
