7530-815399
OS REV: 1.05 Sensor Cal: 1620284400
Time (sec),  Bat (Volts),   T (deg C),  PAR (umol/(s m^2))  Ax (g), Ay (g), Az (g)
1690970940, +3.46, +20.363,  -0.02593, -160.000, -1236.000, +726.000
1690971240, +3.46, +20.220,  +0.00441, -256.000, -1122.000, +720.000
1690971540, +3.46, +20.094,  +0.10095, -284.000, -1246.000, +671.000
1690971840, +3.46, +20.019,  +0.02372, -250.000, -1360.000, +736.000
1690972140, +3.46, +19.951,  +0.00993, -184.000, -1416.000, +579.000
1690972440, +3.46, +19.951,  +0.04854, -154.000, -1396.000, +671.000
1690972740, +3.46, +19.960,  +0.09819, -148.000, -1420.000, +678.000
1690973040, +3.46, +19.951,  +0.14508, -136.000, -1328.000, +620.000
1690973340, +3.46, +19.968,  +0.20852, -134.000, -1330.000, +608.000
1690973640, +3.46, +19.960,  +0.03751, -122.000, -1600.000, +764.000
1690973940, +3.46, +19.951,  -0.00386, -104.000, -1536.000, +776.000
1690974240, +3.46, +19.960,  +0.04579, -568.000, -1160.000, +764.000
1690974540, +3.46, +19.977,  +0.18921, -184.000, -1328.000, +624.000
1690974840, +3.46, +20.002,  +0.17266, -191.000, -1316.000, +662.000
1690975140, +3.46, +20.035,  +0.15336, -136.000, -1357.000, +769.000
1690975440, +3.46, +20.103,  +0.02096, -157.000, -1230.000, +704.000
1690975740, +3.46, +20.153, +16.81833, -112.000, -1320.000, +672.000
1690976040, +3.46, +20.170,  +1.22905, -15.000, -1308.000, +720.000
1690976340, +3.46, +20.161,  +1.38902,  +1.000, -1306.000, +673.000
1690976640, +3.46, +20.170,  +1.03598,  +4.000, -1312.000, +684.000
1690976940, +3.46, +20.187,  +2.21648,  +4.000, -1328.000, +632.000
1690977240, +3.46, +20.187, +28.02208, +28.000, -1364.000, +638.000
1690977540, +3.46, +20.237,  +7.82939,  +3.000, -1304.000, +696.000
1690977840, +3.46, +20.296,  +6.21309, +84.000, -1296.000, +720.000
1690978140, +3.46, +20.321,  +4.51681, +88.000, -1373.000, +752.000
1690978440, +3.46, +20.346, +12.61761, +40.000, -1264.000, +745.000
1690978740, +3.46, +20.439, +67.18007,  +0.000, -1316.000, +696.000
1690979040, +3.46, +20.607, +38.04810,  +1.000, -1296.000, +668.000
1690979340, +3.46, +20.800, +38.93899, -122.000, -1332.000, +608.000
1690979640, +3.46, +21.076, +39.90436, -160.000, -1332.000, +616.000
1690979940, +3.46, +21.429, +53.36431, -196.000, -1304.000, +696.000
1690980240, +3.46, +22.015, +129.05174, +1016.000, +312.000, -212.000
1690980540, +3.46, +22.768, +28.52407, -400.000, +588.000, -752.000
1690980840, +3.46, +23.687, +177.68135, +1190.000, -32.000, +224.000
1690981140, +3.46, +24.046, +70.67746, +1222.000, +240.000, +240.000
1690981440, +3.46, +24.205, +95.56734, +1228.000, +216.000, +252.000
1690981740, +3.46, +24.263, +1162.94185, +1244.000,  +0.000, +206.000
1690982040, +3.46, +24.288, +929.72329, +1120.000, -200.000, +176.000
1690982340, +3.46, +25.537, +92.09203, +1161.000, -100.000, +88.000
1690982640, +3.46, +26.491, +86.37982, +1155.000, -106.000, +92.000
1690982940, +3.46, +27.020, +84.72491, +1223.000, -93.000,  +0.000
1690983240, +3.46, +27.326, +114.54919, +1167.000, -104.000, +80.000
1690983540, +3.46, +27.523, +128.34840, +1132.000, -112.000, +96.000
1690983840, +3.46, +27.639, +177.60964, +1224.000, -100.000, -16.000
1690984140, +3.46, +27.704, +182.89708, +1219.000, -96.000,  +0.000
1690984440, +3.46, +27.762, +194.72971, +1223.000, -98.000, -15.000
1690984740, +3.46, +27.803, +209.75355, +1231.000, -108.000, -32.000
1690985040, +3.46, +27.828, +217.10413, +1223.000, -98.000, -16.000
1690985340, +3.46, +27.853, +234.20765, +1225.000, -104.000, -16.000
1690985640, +3.46, +27.861, +95.80730, +1228.000, -104.000, -28.000
1690985940, +3.46, +27.869, +245.67619, +1228.000, -104.000, -24.000
1690986240, +3.47, +27.885, +219.39618, +1222.000, -98.000, -16.000
1690986540, +3.47, +27.894, +217.42683, +1223.000, -100.000, -16.000
1690986840, +3.47, +27.894, +224.89601, +1224.000, -104.000, -20.000
1690987140, +3.47, +27.869, +202.07752, +1232.000, -112.000, -40.000
1690987440, +3.47, +27.811, +157.75620, +1224.000, -100.000, -16.000
1690987740, +3.47, +27.820, +67.97443, +1231.000, -109.000, -32.000
1690988040, +3.47, +27.811, +109.08798, +1230.000, -106.000, -28.000
1690988340, +3.47, +27.811, +71.08291, +1224.000, -104.000, -16.000
1690988640, +3.47, +27.770, +250.38718, +1231.000, -112.000, -36.000
1690988940, +3.47, +27.754, +291.27731, +1225.000, -104.000, -24.000
1690989240, +3.47, +27.721, +44.76980, +1231.000, -109.000, -36.000
1690989540, +3.47, +27.688, +48.28925, +1225.000, -104.000, -24.000
1690989840, +3.47, +27.672, +77.15644, +1231.000, -110.000, -40.000
1690990140, +3.47, +27.663, +82.79693, +1232.000, -112.000, -40.000
1690990440, +3.47, +27.672, +92.33750, +1231.000, -109.000, -26.000
1690990740, +3.47, +27.696, +99.91700, +1228.000, -108.000, -29.000
1690991040, +3.47, +27.729, +156.51226, +1128.000, -119.000, +96.000
1690991340, +3.47, +27.729, +163.44910, +1227.000, -104.000, -24.000
1690991640, +3.47, +27.770, +169.19165, +1227.000, -104.000, -24.000
1690991940, +3.47, +27.795, +175.58237, +1230.000, -112.000, -26.000
1690992240, +3.47, +27.803, +181.74416, +1228.000, -104.000, -24.000
1690992540, +3.47, +27.836, +187.68254, +1222.000, -104.000,  -8.000
1690992840, +3.47, +27.844, +193.76710, +1216.000, -98.000,  -8.000
1690993140, +3.47, +27.861, +199.18142, +1216.000, -98.000,  +0.000
1690993440, +3.47, +27.894, +197.61753, +1216.000, -100.000,  +0.000
1690993740, +3.47, +27.935, +206.36374, +1222.000, -100.000,  -8.000
1690994040, +3.47, +27.984, +350.51766, +1219.000, -100.000,  -8.000
1690994340, +3.47, +28.017, +539.07841, +1190.000, -106.000, +56.000
1690994640, +3.47, +28.050, +687.75852, +1200.000, -104.000, +36.000
1690994940, +3.47, +28.091, +670.61362, +1187.000, -108.000, +56.000
1690995240, +3.47, +28.132, +704.01803, +1169.000, -112.000, +79.000
1690995540, +3.47, +28.173, +717.90275, +1155.000, -114.000, +88.000
1690995840, +3.48, +28.214, +723.33086, +1159.000, -114.000, +86.000
1690996140, +3.47, +28.255, +712.55738, +1142.000, -119.000, +96.000
1690996440, +3.48, +28.320, +732.41633, +1137.000, -116.000, +92.000
1690996740, +3.48, +28.361, +735.99922, +1235.000, -113.000, -45.000
1690997040, +3.48, +28.402, +750.92377, +1228.000, -104.000, -24.000
1690997340, +3.48, +28.443, +745.74665, +1232.000, -112.000, -36.000
1690997640, +3.48, +28.492, +756.19191, +1233.000, -114.000, -42.000
1690997940, +3.48, +28.542, +758.62739, +1223.000, -104.000, -16.000
1690998240, +3.48, +28.591, +737.36452, +1223.000, -104.000, -20.000
1690998540, +3.48, +28.640, +726.49450, +1222.000, -104.000, -12.000
1690998840, +3.48, +28.689, +760.25196, +1220.000, -104.000,  -7.000
1690999140, +3.48, +28.746, +734.82423, +1204.000, -104.000, +30.000
1690999440, +3.48, +28.779, +720.92296, +1212.000, -100.000, +12.000
1690999740, +3.48, +28.819, +734.63116, +1196.000, -104.000, +48.000
1691000040, +3.48, +28.885, +745.98110, +1184.000, -109.000, +64.000
1691000340, +3.48, +28.934, +708.55249, +1172.000, -112.000, +72.000
1691000640, +3.48, +28.966, +710.19913, +1159.000, -119.000, +88.000
1691000940, +3.48, +29.007, +721.53252, +1144.000, -116.000, +92.000
1691001240, +3.48, +29.048, +701.05298, +1155.000, -114.000, +88.000
1691001540, +3.48, +29.097, +682.39936, +1139.000, -116.000, +96.000
1691001840, +3.48, +29.129, +675.60042, +1137.000, -120.000, +92.000
1691002140, +3.48, +29.137, +654.49477, +1232.000, -114.000, -47.000
1691002440, +3.48, +29.162, +635.04403, +1143.000, -120.000, +96.000
1691002740, +3.48, +29.194, +619.42166, +1235.000, -109.000, -39.000
1691003040, +3.48, +29.219, +580.74635, +1233.000, -116.000, -48.000
1691003340, +3.48, +29.235, +578.45705, +1223.000, -104.000, -10.000
1691003640, +3.48, +29.243, +566.39550, +1216.000, -100.000,  +0.000
1691003940, +3.48, +29.260, +534.61842, +1219.000, -104.000,  +0.000
1691004240, +3.48, +29.268, +465.89817, +1216.000, -100.000,  +0.000
1691004540, +3.48, +29.251, +433.28812, +1224.000, -104.000, -16.000
1691004840, +3.48, +29.251, +460.66865, +1217.000, -100.000,  +0.000
1691005140, +3.48, +29.276, +454.25310, +1216.000, -100.000,  +3.000
1691005440, +3.48, +29.276, +397.16138, +1200.000, -100.000, +38.000
1691005740, +3.48, +29.260, +414.97375, +1198.000, -104.000, +40.000
1691006040, +3.48, +29.203, +404.58918, +1216.000, -104.000,  +0.000
1691006340, +3.48, +29.121, +414.68138, +1235.000, -115.000, -41.000
1691006640, +3.48, +29.007, +335.24558, +1230.000, -112.000, -32.000
1691006940, +3.48, +28.860, +394.92449, +1180.000, -112.000, +67.000
1691007240, +3.48, +28.738, +393.51505, +1203.000, -104.000, +32.000
1691007540, +3.48, +28.664, +388.21382, +1200.000, -104.000, +38.000
1691007840, +3.48, +28.640, +356.06438, +1212.000, -104.000, +14.000
1691008140, +3.48, +28.656, +338.12788, +1224.000, -104.000, -16.000
1691008440, +3.48, +28.681, +308.72285, +1222.000, -104.000, -10.000
1691008740, +3.48, +28.730, +265.32552, +1216.000, -100.000,  +3.000
1691009040, +3.48, +28.770, +248.10891, +1203.000, -104.000, +32.000
1691009340, +3.48, +28.828, +222.36675, +1217.000, -104.000,  +2.000
1691009640, +3.48, +28.909, +195.85229, +1196.000, -106.000, +48.000
1691009940, +3.48, +29.015, +177.68411, +1176.000, -114.000, +72.000
1691010240, +3.48, +29.064, +168.67862, +1144.000, -116.000, +92.000
1691010540, +3.48, +29.080, +1308.08320, -173.000, -1116.000, -281.000
1691010840, +3.48, +28.795,  +3.48800, -276.000, +956.000, +1180.000
1691011140, +3.48, +29.219,  +4.16652, -232.000, +824.000, +1064.000
1691011440, +3.48, +29.511,  +4.29615, -280.000, +780.000, +1052.000
1691011740, +3.49, +29.730,  +3.52386, -264.000, +783.000, +1244.000
1691012040, +3.49, +29.997,  +2.88672, -264.000, +764.000, +1248.000
1691012340, +3.49, +30.247,  +2.91982, -296.000, +792.000, +1201.000
1691012640, +3.49, +30.464,  +9.86218, -104.000, +803.000, +1143.000
1691012940, +3.49, +30.617, +10.68963, -128.000, +587.000, +1287.000
1691013240, +3.49, +30.737,  +1.22629, -184.000, +576.000, +1304.000
1691013540, +3.49, +30.841,  +3.87139, -308.000, +615.000, +1283.000
1691013840, +3.49, +30.929,  +1.11320, -200.000, +547.000, +1171.000
1691014140, +3.49, +30.945,  +3.97345, -32.000, +580.000, +1304.000
1691014440, +3.49, +30.921,  +2.99980, -160.000, +640.000, +1169.000
1691014740, +3.49, +30.921,  +0.58639, -288.000, +655.000, +1255.000
1691015040, +3.49, +30.881,  +2.64952, -272.000, +665.000, +1091.000
1691015340, +3.49, +30.841,  +2.23855, -60.000, +579.000, +1537.000
1691015640, +3.49, +30.777,  +1.21802, -256.000, +1287.000, +1619.000
1691015940, +3.49, +30.689,  +4.03688, -244.000, +783.000, +1305.000
1691016240, +3.49, +30.609,  +3.52662, -160.000, +719.000, +1164.000
1691016540, +3.49, +30.537,  +0.12577, -233.000, +711.000, +1209.000
1691016840, +3.49, +30.456,  +0.35746, -184.000, +615.000, +1315.000
1691017140, +3.49, +30.328,  +0.56433, -416.000, +463.000, +888.000
1691017440, +3.49, +30.151,  -0.00110, -157.000, +700.000, +1278.000
1691017740, +3.49, +29.908,  -0.05627, -136.000, +752.000, +1256.000
1691018040, +3.49, +29.609,  +0.03199, -125.000, +743.000, +1240.000
1691018340, +3.49, +29.317,  +0.04854, -136.000, +752.000, +1248.000
1691018640, +3.49, +28.999,  -0.02317, -157.000, +718.000, +1291.000
1691018940, +3.49, +28.689,  +0.04303, -128.000, +752.000, +1244.000
1691019240, +3.49, +27.680,  -0.02869, -180.000, +1452.000, +185.000
1691019540, +3.49, +26.698,  +0.12302, -189.000, +524.000, +1334.000
1691019840, +3.49, +25.927,  -0.00386, -200.000, +536.000, +1340.000
1691020140, +3.49, +25.296,  +0.00993, -218.000, +520.000, +1383.000
1691020440, +3.49, +24.771,  -0.08109, -224.000, +499.000, +1367.000
1691020740, +3.49, +24.330,  +0.06509, -216.000, +540.000, +1363.000
1691021040, +3.49, +23.938,  +0.02096, -192.000, +536.000, +1328.000
1691021340, +3.49, +23.579,  -0.02041, -221.000, +528.000, +1379.000
1691021640, +3.49, +23.286,  +0.08992, -204.000, +550.000, +1336.000
1691021940, +3.49, +23.027,  +0.01820, -189.000, +536.000, +1324.000
1691022240, +3.49, +22.810,  +0.10371, -224.000, +524.000, +1379.000
1691022540, +3.49, +22.634,  -0.03420, -216.000, +548.000, +1363.000
1691022840, +3.49, +22.484,  +0.14784, -200.000, +552.000, +1334.000
1691023140, +3.49, +22.375,  -0.01489, -192.000, +544.000, +1326.000
1691023440, +3.49, +22.266,  +0.13405, -192.000, +543.000, +1320.000
1691023740, +3.48, +22.174,  -0.04248, -184.000, +536.000, +1320.000
1691024040, +3.48, +22.107,  +0.06234, -224.000, +520.000, +1372.000
1691024340, +3.48, +22.049,  +0.06509, -224.000, +526.000, +1375.000
1691024640, +3.48, +21.982,  +0.09543, -218.000, +550.000, +1368.000
1691024940, +3.48, +21.915,  +0.02924, -221.000, +544.000, +1376.000
1691025240, +3.48, +21.864,  -0.00110, -212.000, +560.000, +1351.000
1691025540, +3.48, +21.797,  -0.12246, -216.000, +552.000, +1359.000
1691025840, +3.48, +21.764,  +0.00165, -221.000, +544.000, +1376.000
1691026140, +3.48, +21.722,  -0.11143, -204.000, +558.000, +1329.000
1691026440, +3.48, +21.705,  -0.05627, -207.000, +560.000, +1336.000
1691026740, +3.48, +21.655,  +0.10371, -192.000, +551.000, +1320.000
1691027040, +3.48, +21.638,  +0.05130, -192.000, +552.000, +1324.000
1691027340, +3.48, +21.605,  -0.05351, -192.000, +552.000, +1319.000
1691027640, +3.48, +21.579,  +0.06785, -192.000, +544.000, +1319.000
1691027940, +3.48, +21.588,  +0.04027, -184.000, +542.000, +1312.000
1691028240, +3.48, +21.571,  +0.00441, -192.000, +547.000, +1321.000
1691028540, +3.48, +21.546,  -0.08937, -192.000, +547.000, +1321.000
1691028840, +3.48, +21.546,  +0.11750, -186.000, +544.000, +1315.000
1691029140, +3.48, +21.521,  +0.01820, -192.000, +550.000, +1321.000
1691029440, +3.48, +21.521,  +0.11750, -192.000, +550.000, +1320.000
1691029740, +3.48, +21.512,  +0.05406, -192.000, +547.000, +1319.000
1691030040, +3.48, +21.479,  +0.12302, -192.000, +547.000, +1318.000
1691030340, +3.48, +21.454,  +0.04027, -184.000, +540.000, +1311.000
1691030640, +3.48, +21.437,  +0.16439, -192.000, +547.000, +1320.000
1691030940, +3.48, +21.403,  -0.00938, -224.000, +515.000, +1359.000
1691031240, +3.48, +21.395,  +0.03199, -186.000, +544.000, +1315.000
1691031540, +3.48, +21.362,  -0.13901, -184.000, +544.000, +1315.000
1691031840, +3.48, +21.345,  -0.05351, -224.000, +524.000, +1368.000
1691032140, +3.48, +21.303,  -0.08937, -224.000, +526.000, +1371.000
1691032440, +3.48, +21.286,  +0.01269, -224.000, +520.000, +1367.000
1691032740, +3.48, +21.286,  +0.05406, -221.000, +532.000, +1376.000
1691033040, +3.48, +21.269,  +0.00165, -223.000, +526.000, +1371.000
1691033340, +3.48, +21.278,  -0.02041, -224.000, +534.000, +1376.000
1691033640, +3.47, +21.269,  -0.04523, -224.000, +536.000, +1376.000
1691033940, +3.47, +21.278,  -0.06454, -224.000, +526.000, +1372.000
1691034240, +3.47, +21.278,  +0.03475, -224.000, +527.000, +1369.000
1691034540, +3.47, +21.278,  +0.07061, -176.000, +539.000, +1287.000
1691034840, +3.47, +21.286,  -0.02593, -224.000, +527.000, +1372.000
1691035140, +3.47, +21.261,  -0.03144, -224.000, +543.000, +1376.000
1691035440, +3.47, +21.269,  -0.07557, -224.000, +527.000, +1372.000
1691035740, +3.47, +21.261,  +0.07061, -221.000, +540.000, +1376.000
1691036040, +3.47, +21.278,  +0.09819, -221.000, +537.000, +1379.000
1691036340, +3.47, +21.286,  -0.07006, -221.000, +536.000, +1376.000
1691036640, +3.47, +21.294,  -0.06178, -223.000, +528.000, +1372.000
1691036940, +3.47, +21.294,  +0.07337, -224.000, +528.000, +1376.000
1691037240, +3.47, +21.303,  +0.02924, -221.000, +535.000, +1376.000
1691037540, +3.47, +21.328,  -0.07282, -224.000, +536.000, +1376.000
1691037840, +3.47, +21.311,  -0.16935, -224.000, +532.000, +1376.000
1691038140, +3.47, +21.336,  -0.01489, -223.000, +536.000, +1376.000
1691038440, +3.47, +21.353,  -0.03144, -224.000, +536.000, +1376.000
1691038740, +3.47, +21.362,  +0.07613, -221.000, +532.000, +1376.000
1691039040, +3.47, +21.362,  -0.06454, -184.000, +544.000, +1311.000
1691039340, +3.47, +21.370,  -0.10867, -224.000, +526.000, +1367.000
1691039640, +3.47, +21.378,  +0.05958, -224.000, +531.000, +1376.000
1691039940, +3.47, +21.353,  -0.03144, -223.000, +527.000, +1367.000
1691040240, +3.47, +21.345,  -0.01489, -224.000, +536.000, +1376.000
1691040540, +3.47, +21.345,  -0.05351, -221.000, +540.000, +1376.000
1691040840, +3.47, +21.353,  -0.04523, -224.000, +531.000, +1372.000
1691041140, +3.47, +21.353,  -0.05351, -223.000, +534.000, +1375.000
1691041440, +3.47, +21.353,  +0.03199, -223.000, +540.000, +1377.000
1691041740, +3.47, +21.353,  -0.13074, -176.000, +540.000, +1292.000
1691042040, +3.47, +21.370,  -0.07006, -224.000, +531.000, +1372.000
1691042340, +3.47, +21.345,  -0.08937, -224.000, +542.000, +1377.000
1691042640, +3.47, +21.370,  -0.03420, -224.000, +515.000, +1351.000
1691042940, +3.47, +21.378,  -0.05075, -224.000, +520.000, +1360.000
1691043240, +3.47, +21.378,  -0.11419, -223.000, +534.000, +1376.000
1691043540, +3.47, +21.378,  +0.04854, -224.000, +527.000, +1364.000
1691043840, +3.47, +21.387,  +0.05682, -224.000, +536.000, +1374.000
1691044140, +3.47, +21.387,  +0.01545, -224.000, +520.000, +1356.000
1691044440, +3.47, +21.378,  -0.14177, -224.000, +534.000, +1372.000
1691044740, +3.47, +21.378,  -0.04248, -224.000, +518.000, +1351.000
1691045040, +3.47, +21.387,  -0.04523, -186.000, +550.000, +1311.000
1691045340, +3.47, +21.378,  +0.03199, -224.000, +528.000, +1361.000
1691045640, +3.47, +21.378,  -0.01489, -184.000, +547.000, +1311.000
1691045940, +3.47, +21.362,  +0.12853, -224.000, +534.000, +1369.000
1691046240, +3.47, +21.353,  -0.00386, -223.000, +534.000, +1368.000
1691046540, +3.47, +21.353,  -0.00938, -224.000, +520.000, +1356.000
1691046840, +3.47, +21.378,  -0.03420, -221.000, +536.000, +1374.000
1691047140, +3.47, +21.370,  +0.04579, -224.000, +528.000, +1366.000
1691047440, +3.47, +21.378,  -0.07282, -221.000, +536.000, +1368.000
1691047740, +3.47, +21.370,  -0.01489, -224.000, +531.000, +1366.000
1691048040, +3.46, +21.387,  +0.06785, -180.000, +544.000, +1319.000
1691048340, +3.47, +21.395,  -0.19142, -224.000, +532.000, +1366.000
1691048640, +3.47, +21.378,  +0.04854, -224.000, +536.000, +1368.000
1691048940, +3.47, +21.353,  -0.13901, -224.000, +545.000, +1372.000
1691049240, +3.46, +21.328,  -0.15005, -224.000, +542.000, +1372.000
1691049540, +3.46, +21.278,  -0.03696, -224.000, +544.000, +1372.000
1691049840, +3.47, +21.244,  -0.01489, -224.000, +551.000, +1372.000
1691050140, +3.46, +21.185,  +0.04854, -220.000, +572.000, +1366.000
1691050440, +3.46, +21.152,  -0.02317, -223.000, +582.000, +1359.000
1691050740, +3.46, +21.085,  +0.07337, -224.000, +576.000, +1366.000
1691051040, +3.46, +21.034,  -0.00110, -208.000, +593.000, +1328.000
1691051340, +3.46, +20.984,  -0.00386, -216.000, +591.000, +1343.000
1691051640, +3.46, +20.917,  -0.10867, -220.000, +584.000, +1356.000
1691051940, +3.46, +20.858,  -0.01489, -200.000, +591.000, +1311.000
1691052240, +3.46, +20.808,  +0.00993, -196.000, +588.000, +1310.000
1691052540, +3.46, +20.749,  +0.08440, -192.000, +584.000, +1305.000
1691052840, +3.46, +20.674,  +0.05130, -186.000, +579.000, +1303.000
1691053140, +3.46, +20.623,  -0.01214, -200.000, +590.000, +1310.000
1691053440, +3.46, +20.556,  +0.05406, -188.000, +579.000, +1304.000
1691053740, +3.46, +20.481,  +0.03475, -184.000, +576.000, +1294.000
1691054040, +3.46, +20.430,  -0.18039, -224.000, +560.000, +1361.000
1691054340, +3.46, +20.397,  +0.01269, -226.000, +560.000, +1359.000
1691054640, +3.46, +20.355,  -0.07006, -224.000, +552.000, +1352.000
1691054940, +3.46, +20.321,  -0.00662, -224.000, +563.000, +1360.000
1691055240, +3.46, +20.279,  +0.01820, -224.000, +576.000, +1363.000
1691055540, +3.46, +20.237,  +0.09268, -218.000, +592.000, +1345.000
1691055840, +3.46, +20.178,  +0.10647, -200.000, +590.000, +1311.000
1691056140, +3.46, +20.161,  -0.11971, -208.000, +598.000, +1318.000
1691056440, +3.46, +20.136,  -0.09764, -212.000, +595.000, +1336.000
1691056740, +3.46, +20.103,  -0.08661, -208.000, +598.000, +1316.000
1691057040, +3.46, +20.077,  -0.01489, -208.000, +598.000, +1320.000
1691057340, +3.46, +20.052,  +0.07888, -200.000, +595.000, +1312.000
