7450-516531
OS REV: 1.05 Sensor Cal: 1679419607
Time (sec),  BV (Volts),  T (deg C),  DO (mg/l),  Q ()
1690970400,+3.50,+20.198, +8.755,+0.910
1690970700,+3.49,+20.039, +8.790,+0.911
1690971000,+3.49,+19.855, +8.801,+0.910
1690971300,+3.49,+19.704, +8.839,+0.911
1690971600,+3.49,+19.595, +8.838,+0.911
1690971900,+3.50,+19.528, +8.845,+0.911
1690972200,+3.50,+19.469, +8.874,+0.911
1690972500,+3.50,+19.410, +8.889,+0.911
1690972800,+3.50,+19.394, +8.871,+0.911
1690973100,+3.50,+19.360, +8.856,+0.911
1690973400,+3.50,+19.343, +8.870,+0.911
1690973700,+3.50,+19.327, +8.904,+0.911
1690974000,+3.50,+19.310, +8.874,+0.911
1690974300,+3.50,+19.293, +8.891,+0.912
1690974600,+3.50,+19.293, +8.887,+0.911
1690974900,+3.50,+19.301, +8.889,+0.912
1690975200,+3.50,+19.285, +8.885,+0.911
1690975500,+3.50,+19.310, +8.918,+0.912
1690975800,+3.50,+19.410, +8.896,+0.911
1690976100,+3.49,+19.704, +8.841,+0.911
1690976400,+3.49,+19.838, +8.830,+0.912
1690976700,+3.50,+20.374, +8.754,+0.912
1690977000,+3.49,+20.726, +8.696,+0.912
1690977300,+3.49,+21.044, +8.660,+0.912
1690977600,+3.49,+21.144, +8.626,+0.911
1690977900,+3.49,+21.152, +8.614,+0.911
1690978200,+3.49,+21.211, +8.618,+0.912
1690978500,+3.49,+21.729, +8.538,+0.911
1690978800,+3.49,+21.930, +8.518,+0.912
1690979100,+3.49,+22.097, +8.476,+0.911
1690979400,+3.49,+22.541, +8.410,+0.911
1690979700,+3.49,+23.043, +8.331,+0.910
1690980000,+3.49,+23.729, +8.223,+0.910
1690980300,+3.49,+24.467, +8.124,+0.910
1690980600,+3.48,+25.199, +7.998,+0.909
1690980900,+3.49,+25.780, +7.913,+0.907
1690981200,+3.48,+26.295, +7.842,+0.908
1690981500,+3.48,+26.312, +7.828,+0.907
1690981800,+3.48,+26.430, +7.802,+0.906
1690982100,+3.49,+26.794, +7.756,+0.906
1690982400,+3.48,+27.286, +7.694,+0.906
1690982700,+3.49,+27.736, +7.635,+0.906
1690983000,+3.48,+28.282, +7.586,+0.907
1690983300,+3.49,+28.726, +7.514,+0.906
1690983600,+3.48,+29.283, +7.449,+0.906
1690983900,+3.48,+29.610, +7.399,+0.906
1690984200,+3.48,+29.584, +7.400,+0.906
1690984500,+3.48,+29.550, +7.395,+0.906
1690984800,+3.49,+30.040, +7.349,+0.906
1690985100,+3.48,+30.369, +7.286,+0.905
1690985400,+3.48,+30.420, +7.283,+0.906
1690985700,+3.49,+30.308, +7.295,+0.906
1690986000,+3.49,+30.360, +7.291,+0.906
1690986300,+3.48,+30.593, +7.251,+0.905
1690986600,+3.48,+30.645, +7.255,+0.906
1690986900,+3.49,+30.542, +7.261,+0.906
1690987200,+3.49,+30.334, +7.286,+0.906
1690987500,+3.49,+30.118, +7.312,+0.906
1690987800,+3.49,+29.920, +7.334,+0.906
1690988100,+3.49,+29.782, +7.345,+0.906
1690988400,+3.49,+29.653, +7.348,+0.906
1690988700,+3.49,+29.464, +7.371,+0.906
1690989000,+3.49,+29.352, +7.384,+0.906
1690989300,+3.49,+29.232, +7.402,+0.906
1690989600,+3.49,+29.180, +7.402,+0.906
1690989900,+3.49,+29.369, +7.487,+0.905
1690990200,+3.49,+29.851, +7.376,+0.906
1690990500,+3.49,+30.213, +7.328,+0.905
1690990800,+3.49,+30.619, +7.280,+0.905
1690991100,+3.49,+31.288, +7.182,+0.905
1690991400,+3.49,+31.392, +7.172,+0.904
1690991700,+3.49,+31.418, +7.160,+0.904
1690992000,+3.49,+29.369, +5.974,+0.901
1690992300,+3.50,+28.837, +7.992,+0.906
1690992600,+3.50,+28.743, +3.327,+0.885
1690992900,+3.50,+28.786, +2.509,+0.884
1690993200,+3.50,+28.983, +2.431,+0.886
1690993500,+3.50,+29.052, +2.743,+0.886
1690993800,+3.50,+29.077, +3.699,+0.886
1690994100,+3.50,+29.086, +4.442,+0.886
1690994400,+3.50,+29.103, +5.398,+0.889
1690994700,+3.50,+29.043, +6.346,+0.892
1690995000,+3.50,+29.155, +7.181,+0.894
1690995300,+3.50,+29.206, +8.134,+0.897
1690995600,+3.50,+29.215, +9.207,+0.899
1690995900,+3.50,+29.240,+10.074,+0.902
1690996200,+3.49,+29.300,+10.914,+0.905
1690996500,+3.49,+29.343,+11.819,+0.909
1690996800,+3.49,+29.343,+12.418,+0.911
1690997100,+3.49,+29.386,+13.258,+0.913
1690997400,+3.49,+29.438,+14.276,+0.914
1690997700,+3.49,+29.438,+15.109,+0.917
1690998000,+3.49,+29.455,+15.894,+0.918
1690998300,+3.49,+29.464,+16.564,+0.918
1690998600,+3.49,+29.507,+16.973,+0.920
1690998900,+3.49,+29.541,+17.232,+0.921
1690999200,+3.49,+29.575,+17.513,+0.922
1690999500,+3.49,+29.610,+17.637,+0.923
1690999800,+3.49,+29.627,+17.726,+0.925
1691000100,+3.49,+29.679,+17.730,+0.922
1691000400,+3.49,+29.696,+17.921,+0.922
1691000700,+3.49,+29.739,+18.120,+0.924
1691001000,+3.49,+29.756,+18.142,+0.923
1691001300,+3.49,+29.773,+18.286,+0.923
1691001600,+3.50,+29.816,+18.611,+0.923
1691001900,+3.50,+29.834,+19.033,+0.926
1691002200,+3.50,+29.885,+19.264,+0.925
1691002500,+3.50,+29.937,+12.474,+0.915
1691002800,+3.50,+30.092,+12.297,+0.916
1691003100,+3.49,+30.403, +7.671,+0.907
1691003400,+3.50,+31.157, +7.573,+0.906
1691003700,+3.49,+31.714, +7.497,+0.905
1691004000,+3.50,+32.160, +7.433,+0.905
1691004300,+3.50,+32.291, +7.413,+0.905
1691004600,+3.49,+32.405, +7.391,+0.904
1691004900,+3.49,+32.668, +7.372,+0.904
1691005200,+3.49,+32.844, +7.352,+0.904
1691005500,+3.50,+33.231, +7.320,+0.903
1691005800,+3.49,+34.018, +7.178,+0.899
1691006100,+3.49,+35.220, +6.998,+0.898
1691006400,+3.49,+36.334, +6.825,+0.895
1691006700,+3.49,+36.460, +6.833,+0.893
1691007000,+3.49,+36.451, +6.889,+0.894
1691007300,+3.49,+36.469, +6.926,+0.895
1691007600,+3.49,+36.469, +6.947,+0.895
1691007900,+3.49,+36.460, +6.956,+0.895
1691008200,+3.49,+36.460, +6.976,+0.896
1691008500,+3.50,+36.460, +7.004,+0.897
1691008800,+3.50,+36.469, +7.024,+0.898
1691009100,+3.50,+36.451, +7.044,+0.900
1691009400,+3.50,+36.460, +7.021,+0.900
1691009700,+3.50,+36.469, +6.983,+0.899
1691010000,+3.50,+36.460, +6.957,+0.899
1691010300,+3.50,+36.469, +6.919,+0.899
1691010600,+3.50,+36.451, +6.889,+0.898
1691010900,+3.50,+36.460, +6.838,+0.898
1691011200,+3.51,+36.469, +6.798,+0.897
1691011500,+3.51,+36.028, +6.853,+0.900
1691011800,+3.51,+35.399, +6.938,+0.902
1691012100,+3.51,+34.997, +6.983,+0.903
1691012400,+3.51,+34.676, +7.027,+0.904
1691012700,+3.52,+34.373, +7.064,+0.905
1691013000,+3.51,+34.116, +7.081,+0.905
1691013300,+3.51,+33.965, +7.098,+0.906
1691013600,+3.51,+33.850, +7.093,+0.907
1691013900,+3.51,+33.752, +7.088,+0.906
1691014200,+3.51,+33.629, +7.100,+0.907
1691014500,+3.51,+33.505, +7.113,+0.907
1691014800,+3.51,+33.381, +7.120,+0.907
1691015100,+3.52,+33.214, +7.146,+0.908
1691015400,+3.51,+33.064, +7.158,+0.907
1691015700,+3.51,+32.888, +7.187,+0.908
1691016000,+3.51,+32.747, +7.205,+0.908
1691016300,+3.51,+32.624, +7.221,+0.908
1691016600,+3.51,+32.431, +7.247,+0.908
1691016900,+3.51,+32.247, +7.270,+0.908
1691017200,+3.51,+31.985, +7.321,+0.910
1691017500,+3.51,+31.706, +7.348,+0.909
1691017800,+3.51,+31.375, +7.407,+0.910
1691018100,+3.51,+31.027, +7.443,+0.910
1691018400,+3.51,+30.689, +7.484,+0.910
1691018700,+3.51,+30.360, +7.532,+0.910
1691019000,+3.52,+30.040, +7.568,+0.911
1691019300,+3.52,+27.796, +7.889,+0.911
1691019600,+3.52,+26.853, +8.012,+0.911
1691019900,+3.52,+26.219, +8.103,+0.911
1691020200,+3.52,+25.687, +8.164,+0.911
1691020500,+3.52,+25.266, +8.221,+0.911
1691020800,+3.52,+24.904, +8.267,+0.911
1691021100,+3.52,+24.602, +8.303,+0.911
1691021400,+3.52,+24.316, +8.356,+0.912
1691021700,+3.52,+24.073, +8.387,+0.912
1691022000,+3.52,+23.847, +8.414,+0.912
1691022300,+3.52,+23.654, +8.436,+0.911
1691022600,+3.52,+23.495, +8.457,+0.912
1691022900,+3.52,+23.361, +8.469,+0.911
1691023200,+3.52,+23.252, +8.490,+0.912
1691023500,+3.52,+23.110, +8.505,+0.912
1691023800,+3.52,+23.001, +8.520,+0.912
1691024100,+3.52,+22.900, +8.545,+0.913
1691024400,+3.52,+22.808, +8.562,+0.913
1691024700,+3.52,+22.733, +8.560,+0.912
1691025000,+3.52,+22.624, +8.581,+0.913
1691025300,+3.52,+22.557, +8.576,+0.912
1691025600,+3.52,+22.499, +8.588,+0.913
1691025900,+3.52,+22.474, +8.587,+0.912
1691026200,+3.52,+22.407, +8.599,+0.913
1691026500,+3.52,+22.365, +8.603,+0.912
1691026800,+3.52,+22.306, +8.607,+0.912
1691027100,+3.52,+22.248, +8.615,+0.912
1691027400,+3.51,+22.198, +8.624,+0.913
1691027700,+3.51,+22.173, +8.628,+0.913
1691028000,+3.51,+22.156, +8.626,+0.913
1691028300,+3.51,+22.106, +8.628,+0.912
1691028600,+3.51,+22.055, +8.647,+0.913
1691028900,+3.51,+22.030, +8.651,+0.913
1691029200,+3.51,+21.989, +8.652,+0.913
1691029500,+3.51,+21.972, +8.652,+0.913
1691029800,+3.51,+21.930, +8.654,+0.913
1691030100,+3.51,+21.880, +8.674,+0.914
1691030400,+3.51,+21.846, +8.670,+0.914
1691030700,+3.51,+21.813, +8.668,+0.913
1691031000,+3.51,+21.746, +8.679,+0.913
1691031300,+3.51,+21.729, +8.692,+0.914
1691031600,+3.51,+21.687, +8.687,+0.914
1691031900,+3.51,+21.646, +8.687,+0.913
1691032200,+3.51,+21.621, +8.693,+0.914
1691032500,+3.51,+21.579, +8.690,+0.913
1691032800,+3.51,+21.570, +8.688,+0.913
1691033100,+3.51,+21.529, +8.708,+0.914
1691033400,+3.51,+21.520, +8.697,+0.913
1691033700,+3.51,+21.504, +8.701,+0.914
1691034000,+3.51,+21.487, +8.696,+0.913
1691034300,+3.51,+21.470, +8.696,+0.913
1691034600,+3.51,+21.445, +8.694,+0.913
1691034900,+3.51,+21.428, +8.703,+0.913
1691035200,+3.51,+21.445, +8.687,+0.913
1691035500,+3.51,+21.420, +8.697,+0.913
1691035800,+3.51,+21.420, +8.686,+0.913
1691036100,+3.51,+21.412, +8.689,+0.913
1691036400,+3.51,+21.395, +8.695,+0.913
1691036700,+3.51,+21.395, +8.685,+0.913
1691037000,+3.51,+21.378, +8.699,+0.913
1691037300,+3.51,+21.386, +8.709,+0.914
1691037600,+3.51,+21.361, +8.692,+0.913
1691037900,+3.51,+21.378, +8.692,+0.914
1691038200,+3.51,+21.370, +8.686,+0.913
1691038500,+3.51,+21.353, +8.691,+0.913
1691038800,+3.51,+21.345, +8.688,+0.913
1691039100,+3.51,+21.345, +8.690,+0.913
1691039400,+3.51,+21.336, +8.702,+0.914
1691039700,+3.51,+21.320, +8.688,+0.913
1691040000,+3.51,+21.328, +8.688,+0.914
1691040300,+3.51,+21.328, +8.678,+0.913
1691040600,+3.51,+21.311, +8.682,+0.913
1691040900,+3.51,+21.303, +8.688,+0.913
1691041200,+3.51,+21.303, +8.680,+0.913
1691041500,+3.51,+21.320, +8.674,+0.913
1691041800,+3.51,+21.311, +8.672,+0.913
1691042100,+3.51,+21.303, +8.685,+0.914
1691042400,+3.51,+21.294, +8.674,+0.913
1691042700,+3.51,+21.303, +8.678,+0.913
1691043000,+3.51,+21.311, +8.671,+0.913
1691043300,+3.51,+21.303, +8.667,+0.913
1691043600,+3.51,+21.311, +8.660,+0.913
1691043900,+3.51,+21.303, +8.671,+0.913
1691044200,+3.51,+21.303, +8.663,+0.913
1691044500,+3.51,+21.311, +8.657,+0.913
1691044800,+3.51,+21.286, +8.666,+0.913
1691045100,+3.51,+21.303, +8.651,+0.913
1691045400,+3.50,+21.303, +8.653,+0.913
1691045700,+3.51,+21.294, +8.648,+0.913
1691046000,+3.50,+21.286, +8.651,+0.913
1691046300,+3.50,+21.294, +8.645,+0.913
1691046600,+3.50,+21.311, +8.642,+0.913
1691046900,+3.50,+21.294, +8.635,+0.912
1691047200,+3.50,+21.286, +8.649,+0.913
1691047500,+3.50,+21.303, +8.647,+0.913
1691047800,+3.50,+21.303, +8.630,+0.912
1691048100,+3.50,+21.311, +8.637,+0.913
1691048400,+3.50,+21.311, +8.635,+0.913
1691048700,+3.50,+21.303, +8.625,+0.912
1691049000,+3.50,+21.294, +8.632,+0.913
1691049300,+3.50,+21.286, +8.626,+0.913
1691049600,+3.50,+21.236, +8.641,+0.913
1691049900,+3.50,+21.228, +8.640,+0.913
1691050200,+3.50,+21.194, +8.634,+0.912
1691050500,+3.50,+21.169, +8.642,+0.913
1691050800,+3.50,+21.127, +8.649,+0.913
1691051100,+3.50,+21.094, +8.661,+0.913
1691051400,+3.50,+21.060, +8.648,+0.913
1691051700,+3.50,+21.027, +8.656,+0.913
1691052000,+3.50,+20.985, +8.655,+0.912
1691052300,+3.50,+20.943, +8.672,+0.913
1691052600,+3.50,+20.910, +8.675,+0.913
1691052900,+3.50,+20.868, +8.677,+0.913
1691053200,+3.50,+20.826, +8.680,+0.913
1691053500,+3.50,+20.776, +8.692,+0.913
1691053800,+3.50,+20.726, +8.714,+0.914
1691054100,+3.50,+20.684, +8.706,+0.913
1691054400,+3.50,+20.675, +8.699,+0.913
1691054700,+3.50,+20.650, +8.705,+0.913
1691055000,+3.50,+20.600, +8.709,+0.913
1691055300,+3.50,+20.567, +8.719,+0.913
1691055600,+3.50,+20.542, +8.719,+0.913
1691055900,+3.50,+20.516, +8.724,+0.913
1691056200,+3.50,+20.491, +8.722,+0.913
1691056500,+3.50,+20.433, +8.733,+0.913
1691056800,+3.50,+20.391, +8.739,+0.913
