7450-562111
OS REV: 1.05 Sensor Cal: 1679419969
Time (sec),  BV (Volts),  T (deg C),  DO (mg/l),  Q ()
1690884000,+3.48,+20.332, +8.851,+0.935
1690884300,+3.48,+20.407, +8.847,+0.935
1690884600,+3.48,+20.424, +8.844,+0.935
1690884900,+3.47,+20.424, +8.844,+0.935
1690885200,+3.47,+20.407, +8.849,+0.935
1690885500,+3.47,+20.399, +8.858,+0.935
1690885800,+3.47,+20.399, +8.866,+0.935
1690886100,+3.48,+20.307, +8.878,+0.936
1690886400,+3.48,+20.215, +8.890,+0.935
1690886700,+3.48,+20.106, +8.911,+0.935
1690887000,+3.47,+20.056, +8.919,+0.935
1690887300,+3.47,+19.989, +8.962,+0.936
1690887600,+3.47,+19.964, +8.957,+0.936
1690887900,+3.47,+19.930, +8.966,+0.935
1690888200,+3.47,+19.922, +8.984,+0.936
1690888500,+3.47,+19.964, +8.970,+0.935
1690888800,+3.47,+20.558, +8.891,+0.935
1690889100,+3.47,+20.784, +8.859,+0.935
1690889400,+3.47,+20.851, +8.847,+0.935
1690889700,+3.47,+20.893, +8.852,+0.936
1690890000,+3.47,+20.935, +8.830,+0.935
1690890300,+3.47,+21.085, +8.822,+0.936
1690890600,+3.47,+21.386, +8.778,+0.935
1690890900,+3.47,+21.729, +8.717,+0.935
1690891200,+3.47,+22.097, +8.645,+0.935
1690891500,+3.47,+22.382, +8.619,+0.935
1690891800,+3.47,+22.708, +8.548,+0.934
1690892100,+3.47,+23.051, +8.506,+0.935
1690892400,+3.47,+23.411, +8.450,+0.935
1690892700,+3.47,+23.864, +8.383,+0.935
1690893000,+3.47,+24.326, +8.304,+0.934
1690893300,+3.47,+24.754, +8.237,+0.934
1690893600,+3.46,+25.217, +8.173,+0.934
1690893900,+3.47,+25.655, +8.118,+0.935
1690894200,+3.46,+26.111, +8.040,+0.934
1690894500,+3.47,+26.517, +7.982,+0.934
1690894800,+3.47,+26.881, +7.937,+0.935
1690895100,+3.46,+27.203, +7.895,+0.935
1690895400,+3.46,+27.127, +7.906,+0.935
1690895700,+3.47,+26.864, +7.930,+0.934
1690896000,+3.47,+26.813, +7.944,+0.935
1690896300,+3.47,+26.957, +7.902,+0.934
1690896600,+3.46,+27.288, +7.848,+0.934
1690896900,+3.47,+27.935, +7.729,+0.934
1690897200,+3.46,+28.430, +7.652,+0.933
1690897500,+3.46,+28.978, +7.569,+0.933
1690897800,+3.46,+29.450, +7.508,+0.933
1690898100,+3.46,+29.708, +7.472,+0.932
1690898400,+3.46,+30.174, +7.404,+0.931
1690898700,+3.46,+30.962, +7.291,+0.931
1690899000,+3.47,+30.971, +7.308,+0.931
1690899300,+3.46,+30.797, +7.337,+0.930
1690899600,+3.46,+29.553, +6.540,+0.931
1690899900,+3.47,+28.234, +6.842,+0.935
1690900200,+3.47,+27.952, +6.961,+0.937
1690900500,+3.47,+27.824, +7.020,+0.937
1690900800,+3.47,+27.773, +7.081,+0.937
1690901100,+3.47,+27.756, +7.147,+0.937
1690901400,+3.47,+27.722, +7.165,+0.938
1690901700,+3.47,+27.705, +7.170,+0.937
1690902000,+3.47,+27.688, +7.204,+0.937
1690902300,+3.47,+27.688, +7.216,+0.937
1690902600,+3.47,+27.671, +7.256,+0.937
1690902900,+3.47,+27.714, +7.278,+0.937
1690903200,+3.47,+27.722, +7.325,+0.937
1690903500,+3.47,+27.714, +7.349,+0.937
1690903800,+3.47,+27.739, +7.434,+0.937
1690904100,+3.47,+27.765, +7.474,+0.937
1690904400,+3.47,+27.790, +7.553,+0.937
1690904700,+3.47,+27.816, +7.608,+0.937
1690905000,+3.47,+27.850, +7.659,+0.937
1690905300,+3.47,+27.858, +7.710,+0.937
1690905600,+3.47,+27.892, +7.773,+0.937
1690905900,+3.47,+27.918, +7.891,+0.937
1690906200,+3.47,+27.952, +7.962,+0.937
1690906500,+3.47,+27.986, +7.974,+0.937
1690906800,+3.47,+28.029, +8.005,+0.937
1690907100,+3.47,+28.029, +7.978,+0.937
1690907400,+3.47,+28.054, +7.973,+0.937
1690907700,+3.47,+28.054, +7.876,+0.937
1690908000,+3.47,+28.071, +7.897,+0.937
1690908300,+3.47,+28.097, +7.828,+0.937
1690908600,+3.47,+28.097, +7.829,+0.937
1690908900,+3.47,+28.165, +7.833,+0.937
1690909200,+3.47,+28.106, +7.831,+0.937
1690909500,+3.47,+28.353, +7.926,+0.937
1690909800,+3.47,+28.858, +7.783,+0.936
1690910100,+3.47,+29.090, +7.650,+0.936
1690910400,+3.47,+28.944, +7.621,+0.937
1690910700,+3.47,+29.004, +7.619,+0.936
1690911000,+3.47,+29.175, +7.600,+0.936
1690911300,+3.47,+29.399, +7.588,+0.937
1690911600,+3.47,+29.614, +7.562,+0.937
1690911900,+3.47,+29.924, +7.520,+0.936
1690912200,+3.47,+30.321, +7.493,+0.936
1690912500,+3.47,+31.023, +7.414,+0.935
1690912800,+3.46,+31.938, +7.309,+0.934
1690913100,+3.46,+32.762, +7.193,+0.933
1690913400,+3.46,+33.140, +7.090,+0.932
1690913700,+3.46,+32.973, +7.097,+0.932
1690914000,+3.47,+33.175, +7.055,+0.932
1690914300,+3.47,+33.149, +7.067,+0.931
1690914600,+3.47,+33.564, +7.014,+0.931
1690914900,+3.46,+34.219, +6.924,+0.929
1690915200,+3.46,+34.807, +6.835,+0.927
1690915500,+3.46,+35.361, +6.740,+0.925
1690915800,+3.46,+35.155, +6.706,+0.925
1690916100,+3.47,+34.370, +6.810,+0.927
1690916400,+3.47,+33.679, +6.898,+0.930
1690916700,+3.47,+33.475, +6.957,+0.930
1690917000,+3.46,+33.043, +6.998,+0.931
1690917300,+3.47,+32.656, +7.061,+0.932
1690917600,+3.47,+32.639, +7.055,+0.931
1690917900,+3.47,+32.612, +7.052,+0.932
1690918200,+3.47,+32.568, +7.044,+0.932
1690918500,+3.47,+32.437, +7.065,+0.932
1690918800,+3.47,+32.253, +7.080,+0.932
1690919100,+3.47,+32.034, +7.082,+0.933
1690919400,+3.47,+31.903, +7.074,+0.934
1690919700,+3.47,+31.728, +7.110,+0.934
1690920000,+3.47,+31.597, +7.100,+0.934
1690920300,+3.47,+31.475, +7.155,+0.934
1690920600,+3.47,+31.406, +7.186,+0.935
1690920900,+3.47,+31.397, +7.176,+0.934
1690921200,+3.47,+31.406, +7.180,+0.934
1690921500,+3.47,+31.449, +7.172,+0.934
1690921800,+3.47,+31.510, +7.155,+0.933
1690922100,+3.47,+31.571, +7.158,+0.934
1690922400,+3.47,+31.641, +7.138,+0.933
1690922700,+3.47,+31.685, +7.133,+0.934
1690923000,+3.47,+31.737, +7.118,+0.933
1690923300,+3.47,+31.781, +7.107,+0.933
1690923600,+3.47,+31.798, +7.108,+0.933
1690923900,+3.47,+31.842, +7.100,+0.934
1690924200,+3.47,+31.798, +7.056,+0.933
1690924500,+3.47,+31.658, +7.061,+0.933
1690924800,+3.47,+31.528, +7.060,+0.933
1690925100,+3.47,+31.362, +7.085,+0.934
1690925400,+3.47,+31.162, +7.102,+0.934
1690925700,+3.48,+30.971, +7.116,+0.934
1690926000,+3.47,+30.771, +7.158,+0.935
1690926300,+3.47,+30.624, +7.189,+0.935
1690926600,+3.47,+30.442, +7.195,+0.934
1690926900,+3.47,+30.269, +7.209,+0.935
1690927200,+3.48,+30.036, +7.241,+0.935
1690927500,+3.48,+28.635, +7.590,+0.936
1690927800,+3.48,+27.586, +7.744,+0.937
1690928100,+3.48,+26.872, +7.846,+0.938
1690928400,+3.48,+26.314, +7.935,+0.938
1690928700,+3.48,+25.866, +7.994,+0.939
1690929000,+3.48,+25.520, +8.044,+0.939
1690929300,+3.48,+25.234, +8.069,+0.938
1690929600,+3.48,+24.964, +8.121,+0.939
1690929900,+3.48,+24.695, +8.157,+0.938
1690930200,+3.48,+24.460, +8.189,+0.938
1690930500,+3.48,+24.233, +8.218,+0.938
1690930800,+3.48,+24.057, +8.239,+0.938
1690931100,+3.48,+23.898, +8.268,+0.938
1690931400,+3.48,+23.738, +8.299,+0.939
1690931700,+3.48,+23.587, +8.311,+0.938
1690932000,+3.48,+23.478, +8.332,+0.938
1690932300,+3.48,+23.344, +8.353,+0.938
1690932600,+3.48,+23.244, +8.359,+0.938
1690932900,+3.48,+23.118, +8.384,+0.938
1690933200,+3.48,+22.993, +8.406,+0.938
1690933500,+3.48,+22.917, +8.418,+0.938
1690933800,+3.48,+22.817, +8.428,+0.938
1690934100,+3.48,+22.733, +8.442,+0.938
1690934400,+3.48,+22.658, +8.447,+0.937
1690934700,+3.48,+22.549, +8.465,+0.937
1690935000,+3.48,+22.474, +8.485,+0.937
1690935300,+3.48,+22.424, +8.477,+0.937
1690935600,+3.48,+22.340, +8.497,+0.937
1690935900,+3.48,+22.273, +8.523,+0.938
1690936200,+3.48,+22.214, +8.517,+0.937
1690936500,+3.48,+22.156, +8.514,+0.936
1690936800,+3.48,+22.097, +8.540,+0.937
1690937100,+3.48,+22.039, +8.549,+0.937
1690937400,+3.48,+21.972, +8.559,+0.937
1690937700,+3.48,+21.947, +8.565,+0.938
1690938000,+3.48,+21.897, +8.558,+0.936
1690938300,+3.48,+21.838, +8.583,+0.937
1690938600,+3.48,+21.813, +8.589,+0.937
1690938900,+3.48,+21.763, +8.595,+0.937
1690939200,+3.48,+21.713, +8.607,+0.937
1690939500,+3.48,+21.671, +8.607,+0.937
1690939800,+3.48,+21.621, +8.619,+0.937
1690940100,+3.48,+21.579, +8.627,+0.937
1690940400,+3.48,+21.562, +8.622,+0.937
1690940700,+3.48,+21.554, +8.634,+0.937
1690941000,+3.48,+21.520, +8.639,+0.937
1690941300,+3.48,+21.487, +8.636,+0.937
1690941600,+3.48,+21.462, +8.643,+0.937
1690941900,+3.48,+21.428, +8.654,+0.937
1690942200,+3.48,+21.411, +8.655,+0.937
1690942500,+3.48,+21.395, +8.666,+0.937
1690942800,+3.48,+21.378, +8.661,+0.937
1690943100,+3.48,+21.328, +8.669,+0.937
1690943400,+3.48,+21.294, +8.670,+0.936
1690943700,+3.48,+21.286, +8.675,+0.937
1690944000,+3.48,+21.253, +8.688,+0.937
1690944300,+3.48,+21.227, +8.689,+0.937
1690944600,+3.48,+21.211, +8.705,+0.938
1690944900,+3.48,+21.186, +8.695,+0.937
1690945200,+3.48,+21.152, +8.701,+0.937
1690945500,+3.48,+21.135, +8.709,+0.937
1690945800,+3.48,+21.110, +8.704,+0.937
1690946100,+3.48,+21.085, +8.717,+0.937
1690946400,+3.47,+21.069, +8.724,+0.937
1690946700,+3.47,+21.043, +8.727,+0.937
1690947000,+3.47,+21.052, +8.715,+0.937
1690947300,+3.47,+21.018, +8.722,+0.937
1690947600,+3.47,+21.018, +8.726,+0.937
1690947900,+3.47,+21.010, +8.721,+0.937
1690948200,+3.47,+20.993, +8.723,+0.936
1690948500,+3.47,+20.977, +8.717,+0.936
1690948800,+3.47,+20.968, +8.731,+0.937
1690949100,+3.47,+20.951, +8.744,+0.937
1690949400,+3.47,+20.951, +8.730,+0.937
1690949700,+3.47,+20.951, +8.743,+0.937
1690950000,+3.47,+20.951, +8.733,+0.937
1690950300,+3.47,+20.951, +8.725,+0.936
1690950600,+3.47,+20.943, +8.741,+0.937
1690950900,+3.47,+20.926, +8.741,+0.937
1690951200,+3.47,+20.935, +8.728,+0.936
1690951500,+3.47,+20.943, +8.721,+0.936
1690951800,+3.47,+20.926, +8.740,+0.937
1690952100,+3.47,+20.926, +8.742,+0.937
1690952400,+3.47,+20.918, +8.750,+0.937
1690952700,+3.47,+20.918, +8.745,+0.937
1690953000,+3.47,+20.910, +8.746,+0.937
1690953300,+3.47,+20.918, +8.751,+0.937
1690953600,+3.47,+20.910, +8.748,+0.937
1690953900,+3.47,+20.926, +8.744,+0.937
1690954200,+3.47,+20.910, +8.750,+0.937
1690954500,+3.47,+20.918, +8.742,+0.937
1690954800,+3.47,+20.935, +8.737,+0.937
1690955100,+3.47,+20.893, +8.743,+0.937
1690955400,+3.47,+20.910, +8.740,+0.937
1690955700,+3.47,+20.910, +8.741,+0.937
1690956000,+3.47,+20.918, +8.744,+0.937
1690956300,+3.47,+20.910, +8.740,+0.937
1690956600,+3.47,+20.918, +8.743,+0.937
1690956900,+3.47,+20.926, +8.741,+0.937
1690957200,+3.47,+20.951, +8.732,+0.937
1690957500,+3.47,+20.943, +8.726,+0.936
1690957800,+3.47,+20.943, +8.736,+0.937
1690958100,+3.47,+20.951, +8.729,+0.936
1690958400,+3.47,+20.935, +8.748,+0.937
1690958700,+3.47,+20.926, +8.740,+0.937
1690959000,+3.47,+20.926, +8.739,+0.937
1690959300,+3.47,+20.910, +8.742,+0.937
1690959600,+3.47,+20.910, +8.741,+0.936
1690959900,+3.47,+20.935, +8.739,+0.937
1690960200,+3.47,+20.943, +8.742,+0.937
1690960500,+3.47,+20.943, +8.735,+0.936
1690960800,+3.47,+20.951, +8.730,+0.936
1690961100,+3.47,+20.943, +8.739,+0.937
1690961400,+3.47,+20.960, +8.735,+0.937
1690961700,+3.47,+20.943, +8.738,+0.936
1690962000,+3.47,+20.960, +8.736,+0.937
1690962300,+3.47,+20.951, +8.733,+0.937
1690962600,+3.47,+20.935, +8.735,+0.937
1690962900,+3.47,+20.926, +8.743,+0.937
1690963200,+3.47,+20.918, +8.733,+0.936
1690963500,+3.47,+20.910, +8.753,+0.937
1690963800,+3.47,+20.918, +8.738,+0.936
1690964100,+3.47,+20.910, +8.742,+0.937
1690964400,+3.47,+20.901, +8.743,+0.937
1690964700,+3.47,+20.910, +8.743,+0.937
1690965000,+3.47,+20.910, +8.748,+0.937
1690965300,+3.47,+20.901, +8.741,+0.937
1690965600,+3.47,+20.910, +8.734,+0.936
1690965900,+3.47,+20.884, +8.752,+0.937
1690966200,+3.47,+20.901, +8.741,+0.936
1690966500,+3.47,+20.901, +8.747,+0.937
1690966800,+3.47,+20.901, +8.741,+0.936
1690967100,+3.47,+20.893, +8.747,+0.937
1690967400,+3.47,+20.876, +8.740,+0.936
1690967700,+3.47,+20.901, +8.744,+0.937
1690968000,+3.47,+20.893, +8.746,+0.937
1690968300,+3.47,+20.893, +8.750,+0.937
1690968600,+3.47,+20.876, +8.756,+0.937
1690968900,+3.47,+20.910, +8.751,+0.937
1690969200,+3.47,+20.868, +8.750,+0.937
1690969500,+3.47,+20.726, +8.781,+0.937
1690969800,+3.47,+20.583, +8.799,+0.936
1690970100,+3.47,+20.458, +8.827,+0.937
1690970400,+3.47,+20.315, +8.849,+0.937
