7450-334927
OS REV: 1.05 Sensor Cal: 1679088857
Time (sec),  BV (Volts),  T (deg C),  DO (mg/l),  Q ()
1692181380,+3.53,+21.302, +8.601,+0.952
1692181680,+3.53,+21.327, +8.604,+0.953
1692181980,+3.53,+21.293, +8.612,+0.953
1692182280,+3.53,+21.293, +8.612,+0.952
1692182580,+3.53,+21.352, +8.597,+0.952
1692182880,+3.53,+21.394, +8.617,+0.953
1692183180,+3.53,+21.469, +8.599,+0.953
1692183480,+3.53,+21.586, +8.586,+0.953
1692183780,+3.53,+21.669, +8.572,+0.952
1692184080,+3.53,+21.753, +8.568,+0.953
1692184380,+3.53,+21.845, +8.551,+0.953
1692184680,+3.53,+21.995, +8.520,+0.953
1692184980,+3.53,+22.154, +8.511,+0.953
1692185280,+3.53,+22.296, +8.487,+0.953
1692185580,+3.53,+22.380, +8.466,+0.953
1692185880,+3.53,+22.514, +8.446,+0.953
1692186180,+3.53,+22.648, +8.431,+0.953
1692186480,+3.53,+22.807, +8.404,+0.953
1692186780,+3.53,+22.982, +8.390,+0.953
1692187080,+3.53,+23.116, +8.367,+0.953
1692187380,+3.53,+23.292, +8.349,+0.953
1692187680,+3.53,+23.502, +8.310,+0.953
1692187980,+3.53,+23.703, +8.286,+0.953
1692188280,+3.53,+23.929, +8.257,+0.954
1692188580,+3.53,+24.769, +8.140,+0.954
1692188880,+3.52,+25.223, +8.065,+0.954
1692189180,+3.53,+25.492, +8.029,+0.954
1692189480,+3.53,+25.678, +7.994,+0.953
1692189780,+3.53,+25.745, +7.990,+0.954
1692190080,+3.53,+25.788, +7.984,+0.954
1692190380,+3.53,+25.796, +8.007,+0.954
1692190680,+3.53,+26.514, +2.921,+0.953
1692190980,+3.53,+26.667, +2.916,+0.953
1692191280,+3.53,+26.692, +3.008,+0.953
1692191580,+3.53,+26.718, +2.951,+0.953
1692191880,+3.53,+26.777, +2.925,+0.953
1692192180,+3.53,+26.769, +2.968,+0.953
1692192480,+3.53,+26.819, +2.987,+0.953
1692192780,+3.53,+26.811, +3.019,+0.953
1692193080,+3.53,+26.853, +3.078,+0.953
1692193380,+3.53,+26.879, +3.031,+0.953
1692193680,+3.52,+26.921, +3.002,+0.953
1692193980,+3.52,+26.972, +3.058,+0.953
1692194280,+3.52,+27.014, +3.061,+0.953
1692194580,+3.52,+27.074, +3.047,+0.954
1692194880,+3.52,+27.108, +2.997,+0.953
1692195180,+3.52,+27.184, +3.046,+0.953
1692195480,+3.52,+27.227, +3.008,+0.953
1692195780,+3.52,+27.295, +3.029,+0.953
1692196080,+3.52,+27.329, +3.035,+0.953
1692196380,+3.52,+27.397, +2.969,+0.953
1692196680,+3.52,+27.431, +2.952,+0.954
1692196980,+3.52,+27.448, +2.903,+0.953
1692197280,+3.52,+27.490, +2.901,+0.953
1692197580,+3.52,+27.524, +2.896,+0.954
1692197880,+3.52,+27.567, +2.872,+0.953
1692198180,+3.52,+27.575, +2.869,+0.953
1692198480,+3.53,+27.609, +2.852,+0.954
1692198780,+3.53,+27.652, +2.846,+0.954
1692199080,+3.53,+27.686, +2.851,+0.953
1692199380,+3.53,+27.703, +2.873,+0.953
1692199680,+3.53,+27.729, +2.896,+0.953
1692199980,+3.53,+27.780, +2.862,+0.954
1692200280,+3.53,+27.814, +2.838,+0.953
1692200580,+3.53,+27.831, +2.837,+0.953
1692200880,+3.53,+27.856, +2.825,+0.953
1692201180,+3.53,+27.873, +2.818,+0.954
1692201480,+3.53,+27.891, +2.814,+0.953
1692201780,+3.53,+27.908, +2.804,+0.953
1692202080,+3.53,+27.942, +2.795,+0.953
1692202380,+3.53,+27.950, +2.796,+0.954
1692202680,+3.52,+27.976, +2.798,+0.954
1692202980,+3.52,+28.112, +2.853,+0.953
1692203280,+3.52,+29.828, +7.371,+0.955
1692203580,+3.52,+31.851, +7.082,+0.953
1692203880,+3.52,+33.116, +6.876,+0.950
1692204180,+3.51,+35.088, +6.580,+0.946
1692204480,+3.52,+34.810, +6.633,+0.946
1692204780,+3.52,+34.864, +6.628,+0.947
1692205080,+3.52,+34.587, +6.731,+0.947
1692205380,+3.51,+34.160, +6.798,+0.949
1692205680,+3.52,+33.770, +6.857,+0.950
1692205980,+3.52,+33.486, +6.896,+0.951
1692206280,+3.52,+33.266, +6.892,+0.950
1692206580,+3.52,+33.089, +6.921,+0.951
1692206880,+3.52,+32.913, +6.944,+0.951
1692207180,+3.52,+32.869, +6.909,+0.950
1692207480,+3.52,+33.345, +6.849,+0.950
1692207780,+3.52,+33.956, +6.751,+0.948
1692208080,+3.52,+34.543, +6.668,+0.947
1692208380,+3.52,+35.123, +6.571,+0.945
1692208680,+3.52,+35.742, +6.474,+0.942
1692208980,+3.51,+36.364, +6.384,+0.940
1692209280,+3.51,+36.454, +6.389,+0.939
1692209580,+3.51,+36.463, +6.434,+0.940
1692209880,+3.51,+36.463, +6.426,+0.939
1692210180,+3.51,+36.445, +6.434,+0.940
1692210480,+3.51,+36.463, +6.413,+0.939
1692210780,+3.51,+36.454, +6.421,+0.940
1692211080,+3.51,+36.463, +6.409,+0.939
1692211380,+3.51,+36.454, +6.411,+0.939
1692211680,+3.52,+36.454, +6.410,+0.939
1692211980,+3.52,+36.454, +6.422,+0.940
1692212280,+3.52,+36.454, +6.408,+0.938
1692212580,+3.52,+36.472, +6.418,+0.939
1692212880,+3.52,+36.463, +6.461,+0.939
1692213180,+3.52,+36.454, +6.439,+0.941
1692213480,+3.52,+36.463, +6.440,+0.941
1692213780,+3.52,+36.454, +6.391,+0.941
1692214080,+3.53,+35.877, +6.475,+0.943
1692214380,+3.52,+35.186, +6.605,+0.947
1692214680,+3.53,+34.712, +6.661,+0.949
1692214980,+3.53,+34.632, +6.679,+0.950
1692215280,+3.53,+34.766, +6.655,+0.949
1692215580,+3.52,+35.034, +6.605,+0.948
1692215880,+3.53,+35.473, +6.529,+0.946
1692216180,+3.53,+35.877, +6.465,+0.944
1692216480,+3.52,+36.355, +6.382,+0.942
1692216780,+3.52,+36.463, +6.363,+0.941
1692217080,+3.52,+36.436, +6.361,+0.941
1692217380,+3.52,+36.219, +6.399,+0.942
1692217680,+3.52,+36.120, +6.416,+0.942
1692217980,+3.53,+36.021, +6.437,+0.943
1692218280,+3.53,+35.688, +6.489,+0.944
1692218580,+3.53,+33.832, +6.736,+0.950
1692218880,+3.53,+32.385, +6.990,+0.952
1692219180,+3.53,+31.720, +7.080,+0.954
1692219480,+3.53,+31.232, +7.134,+0.954
1692219780,+3.53,+30.797, +7.194,+0.955
1692220080,+3.53,+30.381, +7.237,+0.955
1692220380,+3.54,+29.914, +7.310,+0.956
1692220680,+3.53,+29.518, +7.352,+0.956
1692220980,+3.54,+29.157, +7.404,+0.957
1692221280,+3.54,+28.831, +7.420,+0.956
1692221580,+3.53,+28.531, +7.445,+0.956
1692221880,+3.54,+28.240, +7.483,+0.957
1692222180,+3.54,+27.959, +7.518,+0.957
1692222480,+3.54,+27.686, +7.544,+0.956
1692222780,+3.54,+27.448, +7.580,+0.957
1692223080,+3.54,+27.218, +7.610,+0.957
1692223380,+3.54,+26.989, +7.644,+0.957
1692223680,+3.54,+26.794, +7.655,+0.956
1692223980,+3.54,+26.608, +7.683,+0.957
1692224280,+3.54,+26.421, +7.703,+0.957
1692224580,+3.54,+26.227, +7.733,+0.957
1692224880,+3.54,+26.058, +7.747,+0.956
1692225180,+3.54,+25.897, +7.768,+0.957
1692225480,+3.54,+25.720, +7.788,+0.957
1692225780,+3.54,+25.568, +7.817,+0.957
1692226080,+3.54,+25.425, +7.838,+0.957
1692226380,+3.54,+25.282, +7.843,+0.957
1692226680,+3.54,+25.147, +7.852,+0.956
1692226980,+3.54,+25.004, +7.875,+0.957
1692227280,+3.54,+24.853, +7.895,+0.957
1692227580,+3.54,+24.735, +7.905,+0.956
1692227880,+3.54,+24.609, +7.913,+0.956
1692228180,+3.54,+24.483, +7.935,+0.956
1692228480,+3.54,+24.357, +7.960,+0.957
1692228780,+3.54,+24.256, +7.957,+0.956
1692229080,+3.54,+24.114, +7.986,+0.957
1692229380,+3.54,+23.988, +7.989,+0.956
1692229680,+3.54,+23.921, +7.994,+0.956
1692229980,+3.54,+23.828, +8.000,+0.956
1692230280,+3.54,+23.736, +8.017,+0.956
1692230580,+3.54,+23.661, +8.030,+0.956
1692230880,+3.54,+23.560, +8.040,+0.956
1692231180,+3.54,+23.502, +8.040,+0.956
1692231480,+3.55,+23.418, +8.051,+0.956
1692231780,+3.54,+23.334, +8.066,+0.956
1692232080,+3.54,+23.267, +8.071,+0.956
1692232380,+3.54,+23.234, +8.077,+0.956
1692232680,+3.54,+23.175, +8.069,+0.955
1692232980,+3.54,+23.108, +8.096,+0.956
1692233280,+3.54,+23.066, +8.086,+0.955
1692233580,+3.54,+23.008, +8.100,+0.956
1692233880,+3.54,+22.957, +8.108,+0.956
1692234180,+3.54,+22.907, +8.112,+0.956
1692234480,+3.54,+22.874, +8.112,+0.956
1692234780,+3.54,+22.832, +8.125,+0.956
1692235080,+3.54,+22.782, +8.117,+0.955
1692235380,+3.54,+22.740, +8.113,+0.955
1692235680,+3.54,+22.681, +8.127,+0.955
1692235980,+3.54,+22.648, +8.131,+0.955
1692236280,+3.54,+22.631, +8.135,+0.956
1692236580,+3.54,+22.606, +8.138,+0.956
1692236880,+3.54,+22.572, +8.148,+0.956
1692237180,+3.54,+22.514, +8.152,+0.956
1692237480,+3.54,+22.480, +8.144,+0.955
1692237780,+3.54,+22.455, +8.159,+0.956
1692238080,+3.54,+22.422, +8.155,+0.956
1692238380,+3.54,+22.397, +8.154,+0.955
1692238680,+3.54,+22.380, +8.165,+0.956
1692238980,+3.54,+22.347, +8.161,+0.956
1692239280,+3.54,+22.322, +8.156,+0.956
1692239580,+3.54,+22.288, +8.166,+0.956
1692239880,+3.54,+22.263, +8.163,+0.955
1692240180,+3.54,+22.246, +8.162,+0.956
1692240480,+3.54,+22.230, +8.163,+0.955
1692240780,+3.54,+22.188, +8.169,+0.956
1692241080,+3.54,+22.171, +8.164,+0.955
1692241380,+3.54,+22.138, +8.185,+0.956
1692241680,+3.54,+22.121, +8.166,+0.955
1692241980,+3.54,+22.096, +8.170,+0.955
1692242280,+3.54,+22.079, +8.177,+0.956
1692242580,+3.54,+22.079, +8.167,+0.955
1692242880,+3.54,+22.071, +8.168,+0.956
1692243180,+3.54,+22.054, +8.167,+0.956
1692243480,+3.54,+22.037, +8.161,+0.955
1692243780,+3.54,+22.021, +8.166,+0.955
1692244080,+3.54,+21.987, +8.172,+0.955
1692244380,+3.54,+21.979, +8.176,+0.956
1692244680,+3.54,+21.937, +8.169,+0.955
1692244980,+3.54,+21.937, +8.167,+0.955
1692245280,+3.54,+21.929, +8.163,+0.955
1692245580,+3.54,+21.920, +8.165,+0.955
1692245880,+3.54,+21.912, +8.164,+0.955
1692246180,+3.54,+21.903, +8.158,+0.955
1692246480,+3.54,+21.878, +8.159,+0.955
1692246780,+3.54,+21.837, +8.170,+0.956
1692247080,+3.54,+21.812, +8.162,+0.955
1692247380,+3.54,+21.786, +8.166,+0.955
1692247680,+3.54,+21.753, +8.172,+0.955
1692247980,+3.54,+21.711, +8.169,+0.955
1692248280,+3.54,+21.686, +8.184,+0.956
1692248580,+3.54,+21.669, +8.171,+0.955
1692248880,+3.54,+21.644, +8.179,+0.956
1692249180,+3.54,+21.594, +8.188,+0.956
1692249480,+3.54,+21.577, +8.179,+0.955
1692249780,+3.54,+21.561, +8.182,+0.955
1692250080,+3.54,+21.552, +8.174,+0.955
1692250380,+3.54,+21.527, +8.176,+0.955
1692250680,+3.54,+21.477, +8.180,+0.955
1692250980,+3.54,+21.452, +8.181,+0.955
1692251280,+3.54,+21.435, +8.185,+0.955
1692251580,+3.54,+21.435, +8.174,+0.955
1692251880,+3.54,+21.402, +8.185,+0.955
1692252180,+3.54,+21.385, +8.187,+0.956
1692252480,+3.54,+21.360, +8.195,+0.956
1692252780,+3.54,+21.327, +8.178,+0.955
1692253080,+3.54,+21.302, +8.198,+0.956
1692253380,+3.54,+21.293, +8.182,+0.955
1692253680,+3.54,+21.277, +8.185,+0.955
1692253980,+3.54,+21.260, +8.185,+0.955
1692254280,+3.54,+21.235, +8.193,+0.955
1692254580,+3.54,+21.218, +8.184,+0.955
1692254880,+3.54,+21.193, +8.191,+0.955
1692255180,+3.54,+21.176, +8.196,+0.955
1692255480,+3.54,+21.176, +8.187,+0.955
1692255780,+3.54,+21.151, +8.193,+0.956
1692256080,+3.54,+21.143, +8.185,+0.955
1692256380,+3.54,+21.093, +8.187,+0.955
1692256680,+3.54,+21.093, +8.188,+0.955
1692256980,+3.54,+21.093, +8.184,+0.955
1692257280,+3.54,+21.059, +8.195,+0.955
1692257580,+3.53,+21.042, +8.182,+0.955
1692257880,+3.53,+21.034, +8.189,+0.955
1692258180,+3.53,+21.017, +8.188,+0.955
1692258480,+3.53,+21.009, +8.191,+0.956
1692258780,+3.53,+20.992, +8.194,+0.955
1692259080,+3.53,+20.992, +8.175,+0.955
1692259380,+3.53,+20.959, +8.182,+0.955
1692259680,+3.53,+20.934, +8.189,+0.955
1692259980,+3.53,+20.942, +8.179,+0.955
1692260280,+3.53,+20.925, +8.181,+0.955
1692260580,+3.53,+20.925, +8.183,+0.955
1692260880,+3.53,+20.925, +8.175,+0.955
1692261180,+3.53,+20.925, +8.174,+0.955
1692261480,+3.53,+20.892, +8.185,+0.956
1692261780,+3.53,+20.900, +8.173,+0.955
1692262080,+3.53,+20.867, +8.178,+0.955
1692262380,+3.53,+20.858, +8.167,+0.955
1692262680,+3.53,+20.867, +8.160,+0.954
1692262980,+3.53,+20.842, +8.177,+0.955
1692263280,+3.53,+20.842, +8.167,+0.955
1692263580,+3.53,+20.825, +8.165,+0.955
1692263880,+3.53,+20.817, +8.162,+0.955
1692264180,+3.53,+20.817, +8.152,+0.954
1692264480,+3.53,+20.800, +8.159,+0.955
1692264780,+3.53,+20.800, +8.162,+0.955
1692265080,+3.53,+20.800, +8.151,+0.955
1692265380,+3.53,+20.783, +8.154,+0.955
1692265680,+3.53,+20.783, +8.159,+0.955
1692265980,+3.53,+20.758, +8.154,+0.955
1692266280,+3.53,+20.775, +8.156,+0.955
1692266580,+3.53,+20.750, +8.159,+0.955
1692266880,+3.53,+20.767, +8.156,+0.956
1692267180,+3.53,+20.758, +8.138,+0.954
1692267480,+3.53,+20.750, +8.147,+0.955
1692267780,+3.53,+20.758, +8.142,+0.955
