7450-458163
OS REV: 1.05 Sensor Cal: 1679088563
Time (sec),  BV (Volts),  T (deg C),  DO (mg/l),  Q ()
1690970580,+3.55,+20.373, +8.820,+0.960
1690970880,+3.55,+20.247, +8.838,+0.959
1690971180,+3.54,+20.113, +8.847,+0.959
1690971480,+3.54,+19.996, +8.872,+0.959
1690971780,+3.54,+19.904, +8.878,+0.959
1690972080,+3.54,+19.836, +8.881,+0.959
1690972380,+3.54,+19.778, +8.894,+0.959
1690972680,+3.54,+19.744, +8.915,+0.960
1690972980,+3.54,+19.744, +8.898,+0.959
1690973280,+3.54,+19.686, +8.908,+0.959
1690973580,+3.54,+19.635, +8.933,+0.960
1690973880,+3.54,+19.593, +8.938,+0.960
1690974180,+3.54,+19.568, +8.947,+0.959
1690974480,+3.54,+19.568, +8.958,+0.959
1690974780,+3.54,+19.560, +8.962,+0.960
1690975080,+3.54,+19.543, +8.971,+0.960
1690975380,+3.54,+19.543, +8.974,+0.959
1690975680,+3.54,+19.543, +9.011,+0.960
1690975980,+3.54,+19.719, +8.987,+0.959
1690976280,+3.54,+19.845, +8.976,+0.960
1690976580,+3.54,+19.904, +8.976,+0.960
1690976880,+3.54,+20.615, +8.882,+0.961
1690977180,+3.54,+21.059, +8.791,+0.960
1690977480,+3.54,+21.201, +8.763,+0.960
1690977780,+3.54,+21.159, +8.769,+0.960
1690978080,+3.54,+21.109, +8.789,+0.960
1690978380,+3.54,+21.302, +8.773,+0.960
1690978680,+3.54,+21.670, +8.712,+0.960
1690978980,+3.54,+21.770, +8.706,+0.960
1690979280,+3.54,+21.987, +8.679,+0.960
1690979580,+3.53,+22.180, +8.642,+0.960
1690979880,+3.54,+22.439, +8.613,+0.960
1690980180,+3.54,+22.773, +8.568,+0.960
1690980480,+3.54,+23.359, +8.523,+0.961
1690980780,+3.53,+23.988, +8.450,+0.961
1690981080,+3.54,+24.709, +8.364,+0.962
1690981380,+3.53,+24.903, +8.303,+0.961
1690981680,+3.53,+24.894, +8.312,+0.961
1690981980,+3.53,+25.829, +8.217,+0.962
1690982280,+3.53,+27.258, +8.037,+0.962
1690982580,+3.53,+28.493, +7.870,+0.962
1690982880,+3.53,+28.870, +7.795,+0.963
1690983180,+3.53,+29.599, +7.743,+0.963
1690983480,+3.53,+31.052, +7.553,+0.963
1690983780,+3.53,+31.347, +7.479,+0.963
1690984080,+3.53,+30.956, +7.501,+0.961
1690984380,+3.53,+30.540, +7.547,+0.960
1690984680,+3.52,+30.895, +7.540,+0.961
1690984980,+3.53,+31.295, +7.459,+0.960
1690985280,+3.53,+31.191, +7.467,+0.961
1690985580,+3.53,+30.904, +7.499,+0.960
1690985880,+3.53,+31.000, +7.512,+0.961
1690986180,+3.52,+31.687, +7.411,+0.960
1690986480,+3.52,+31.862, +7.381,+0.960
1690986780,+3.52,+31.862, +7.377,+0.960
1690987080,+3.52,+31.731, +7.402,+0.960
1690987380,+3.53,+31.565, +7.424,+0.960
1690987680,+3.53,+31.435, +7.438,+0.960
1690987980,+3.53,+31.208, +7.477,+0.960
1690988280,+3.53,+31.330, +7.478,+0.961
1690988580,+3.53,+31.095, +7.506,+0.961
1690988880,+3.53,+30.904, +7.529,+0.960
1690989180,+3.53,+30.731, +7.559,+0.960
1690989480,+3.53,+30.826, +7.558,+0.961
1690989780,+3.53,+30.861, +7.536,+0.960
1690990080,+3.53,+30.904, +7.524,+0.960
1690990380,+3.53,+30.809, +7.527,+0.960
1690990680,+3.53,+30.592, +7.561,+0.960
1690990980,+3.53,+30.427, +7.587,+0.960
1690991280,+3.53,+30.393, +7.592,+0.960
1690991580,+3.53,+30.549, +7.559,+0.959
1690991880,+3.53,+31.095, +7.482,+0.959
1690992180,+3.53,+31.932, +7.389,+0.958
1690992480,+3.53,+29.875,+10.182,+0.958
1690992780,+3.54,+29.007,+10.355,+0.960
1690993080,+3.54,+28.921,+10.395,+0.960
1690993380,+3.54,+28.835,+10.460,+0.961
1690993680,+3.53,+28.775, +9.991,+0.960
1690993980,+3.53,+28.733, +9.643,+0.960
1690994280,+3.53,+28.724, +9.414,+0.961
1690994580,+3.53,+28.715, +9.351,+0.960
1690994880,+3.53,+28.750, +9.737,+0.961
1690995180,+3.53,+28.758, +9.409,+0.961
1690995480,+3.53,+28.758, +9.180,+0.961
1690995780,+3.53,+28.758, +9.064,+0.961
1690996080,+3.54,+28.775, +9.005,+0.961
1690996380,+3.54,+28.775, +8.996,+0.960
1690996680,+3.54,+28.810, +8.978,+0.960
1690996980,+3.54,+28.810, +8.875,+0.962
1690997280,+3.54,+28.844, +8.724,+0.960
1690997580,+3.54,+28.844, +8.585,+0.961
1690997880,+3.54,+28.870, +8.457,+0.960
1690998180,+3.54,+28.878, +8.366,+0.960
1690998480,+3.54,+28.921, +8.264,+0.961
1690998780,+3.54,+28.947, +8.187,+0.960
1690999080,+3.54,+28.981, +8.169,+0.960
1690999380,+3.54,+29.007, +8.181,+0.961
1690999680,+3.54,+29.058, +8.172,+0.960
1690999980,+3.54,+29.092, +8.096,+0.960
1691000280,+3.54,+29.110, +8.011,+0.960
1691000580,+3.54,+29.144, +7.898,+0.961
1691000880,+3.54,+29.161, +7.780,+0.960
1691001180,+3.54,+29.187, +7.704,+0.960
1691001480,+3.54,+29.247, +7.589,+0.960
1691001780,+3.54,+29.410, +8.342,+0.961
1691002080,+3.53,+29.771,+12.976,+0.964
1691002380,+3.53,+30.722, +7.580,+0.960
1691002680,+3.54,+31.313, +7.497,+0.959
1691002980,+3.53,+31.696, +7.464,+0.959
1691003280,+3.53,+32.055, +7.382,+0.958
1691003580,+3.53,+32.002, +7.391,+0.959
1691003880,+3.53,+31.853, +7.404,+0.959
1691004180,+3.53,+31.618, +7.433,+0.959
1691004480,+3.54,+31.382, +7.464,+0.959
1691004780,+3.54,+31.400, +7.478,+0.959
1691005080,+3.53,+31.888, +7.411,+0.958
1691005380,+3.53,+32.783, +7.277,+0.957
1691005680,+3.53,+33.843, +7.117,+0.955
1691005980,+3.54,+34.510, +7.011,+0.954
1691006280,+3.53,+35.172, +6.898,+0.951
1691006580,+3.53,+35.801, +6.802,+0.949
1691006880,+3.53,+36.360, +6.708,+0.946
1691007180,+3.53,+36.541, +6.705,+0.945
1691007480,+3.53,+36.541, +6.733,+0.945
1691007780,+3.53,+36.559, +6.738,+0.944
1691008080,+3.53,+36.541, +6.744,+0.944
1691008380,+3.53,+36.559, +6.763,+0.944
1691008680,+3.53,+36.550, +6.772,+0.944
1691008980,+3.53,+36.550, +6.779,+0.944
1691009280,+3.53,+36.550, +6.781,+0.945
1691009580,+3.53,+36.541, +6.754,+0.944
1691009880,+3.53,+36.541, +6.717,+0.945
1691010180,+3.53,+36.550, +6.666,+0.944
1691010480,+3.54,+36.288, +6.715,+0.946
1691010780,+3.54,+35.774, +6.811,+0.948
1691011080,+3.54,+35.199, +6.911,+0.949
1691011380,+3.54,+34.608, +7.004,+0.952
1691011680,+3.54,+34.065, +7.081,+0.954
1691011980,+3.54,+33.657, +7.128,+0.955
1691012280,+3.55,+33.374, +7.156,+0.956
1691012580,+3.54,+33.171, +7.172,+0.956
1691012880,+3.54,+32.968, +7.184,+0.957
1691013180,+3.54,+32.889, +7.181,+0.957
1691013480,+3.55,+32.756, +7.178,+0.958
1691013780,+3.55,+32.651, +7.177,+0.957
1691014080,+3.55,+32.510, +7.184,+0.958
1691014380,+3.55,+32.423, +7.217,+0.958
1691014680,+3.55,+32.335, +7.201,+0.958
1691014980,+3.55,+32.203, +7.224,+0.959
1691015280,+3.55,+32.116, +7.225,+0.958
1691015580,+3.55,+31.985, +7.248,+0.959
1691015880,+3.55,+31.888, +7.267,+0.960
1691016180,+3.55,+31.775, +7.279,+0.959
1691016480,+3.55,+31.661, +7.299,+0.959
1691016780,+3.55,+31.522, +7.315,+0.960
1691017080,+3.55,+31.365, +7.343,+0.960
1691017380,+3.55,+31.173, +7.362,+0.960
1691017680,+3.55,+30.921, +7.402,+0.960
1691017980,+3.55,+30.627, +7.437,+0.960
1691018280,+3.55,+30.315, +7.470,+0.960
1691018580,+3.56,+30.013, +7.508,+0.960
1691018880,+3.55,+29.737, +7.532,+0.960
1691019180,+3.56,+28.135, +7.770,+0.960
1691019480,+3.56,+26.978, +7.946,+0.961
1691019780,+3.56,+26.369, +8.028,+0.961
1691020080,+3.56,+25.947, +8.072,+0.961
1691020380,+3.56,+25.517, +8.150,+0.962
1691020680,+3.56,+25.214, +8.181,+0.962
1691020980,+3.56,+24.903, +8.230,+0.962
1691021280,+3.56,+24.609, +8.266,+0.962
1691021580,+3.56,+24.340, +8.299,+0.962
1691021880,+3.56,+24.097, +8.334,+0.962
1691022180,+3.56,+23.862, +8.366,+0.962
1691022480,+3.56,+23.669, +8.393,+0.962
1691022780,+3.56,+23.477, +8.416,+0.961
1691023080,+3.56,+23.309, +8.449,+0.962
1691023380,+3.56,+23.142, +8.461,+0.961
1691023680,+3.56,+22.999, +8.470,+0.961
1691023980,+3.56,+22.899, +8.488,+0.961
1691024280,+3.56,+22.782, +8.506,+0.961
1691024580,+3.56,+22.698, +8.517,+0.961
1691024880,+3.56,+22.606, +8.536,+0.962
1691025180,+3.56,+22.514, +8.541,+0.961
1691025480,+3.56,+22.439, +8.540,+0.961
1691025780,+3.57,+22.372, +8.558,+0.961
1691026080,+3.56,+22.297, +8.573,+0.961
1691026380,+3.56,+22.247, +8.573,+0.961
1691026680,+3.56,+22.205, +8.573,+0.961
1691026980,+3.56,+22.113, +8.590,+0.961
1691027280,+3.56,+22.096, +8.592,+0.961
1691027580,+3.56,+22.071, +8.593,+0.961
1691027880,+3.56,+22.021, +8.599,+0.961
1691028180,+3.56,+21.996, +8.593,+0.960
1691028480,+3.56,+21.937, +8.603,+0.960
1691028780,+3.56,+21.904, +8.602,+0.960
1691029080,+3.56,+21.862, +8.609,+0.960
1691029380,+3.56,+21.845, +8.617,+0.961
1691029680,+3.56,+21.803, +8.609,+0.960
1691029980,+3.56,+21.778, +8.629,+0.961
1691030280,+3.56,+21.736, +8.632,+0.961
1691030580,+3.56,+21.686, +8.632,+0.960
1691030880,+3.56,+21.661, +8.629,+0.960
1691031180,+3.56,+21.619, +8.646,+0.961
1691031480,+3.56,+21.611, +8.634,+0.960
1691031780,+3.56,+21.569, +8.642,+0.960
1691032080,+3.56,+21.536, +8.646,+0.960
1691032380,+3.56,+21.527, +8.640,+0.960
1691032680,+3.56,+21.494, +8.644,+0.960
1691032980,+3.56,+21.477, +8.645,+0.960
1691033280,+3.56,+21.460, +8.652,+0.960
1691033580,+3.56,+21.460, +8.645,+0.960
1691033880,+3.56,+21.452, +8.649,+0.960
1691034180,+3.56,+21.460, +8.635,+0.960
1691034480,+3.56,+21.435, +8.640,+0.960
1691034780,+3.56,+21.419, +8.639,+0.960
1691035080,+3.56,+21.410, +8.636,+0.960
1691035380,+3.56,+21.394, +8.651,+0.960
1691035680,+3.56,+21.394, +8.633,+0.959
1691035980,+3.56,+21.394, +8.640,+0.960
1691036280,+3.56,+21.410, +8.633,+0.960
1691036580,+3.56,+21.394, +8.640,+0.960
1691036880,+3.56,+21.402, +8.632,+0.960
1691037180,+3.56,+21.394, +8.640,+0.960
1691037480,+3.56,+21.394, +8.637,+0.960
1691037780,+3.56,+21.402, +8.628,+0.960
1691038080,+3.56,+21.385, +8.629,+0.960
1691038380,+3.56,+21.394, +8.632,+0.960
1691038680,+3.56,+21.419, +8.619,+0.960
1691038980,+3.56,+21.394, +8.627,+0.960
1691039280,+3.56,+21.394, +8.617,+0.960
1691039580,+3.56,+21.402, +8.612,+0.960
1691039880,+3.56,+21.394, +8.617,+0.960
1691040180,+3.56,+21.402, +8.606,+0.960
1691040480,+3.56,+21.402, +8.612,+0.960
1691040780,+3.56,+21.402, +8.608,+0.960
1691041080,+3.56,+21.385, +8.604,+0.959
1691041380,+3.56,+21.410, +8.601,+0.960
1691041680,+3.56,+21.410, +8.595,+0.960
1691041980,+3.56,+21.394, +8.605,+0.960
1691042280,+3.56,+21.394, +8.604,+0.960
1691042580,+3.56,+21.402, +8.593,+0.959
1691042880,+3.56,+21.394, +8.598,+0.960
1691043180,+3.56,+21.402, +8.592,+0.960
1691043480,+3.56,+21.410, +8.589,+0.960
1691043780,+3.56,+21.435, +8.582,+0.960
1691044080,+3.56,+21.419, +8.573,+0.959
1691044380,+3.56,+21.402, +8.581,+0.960
1691044680,+3.56,+21.435, +8.571,+0.959
1691044980,+3.56,+21.402, +8.573,+0.959
1691045280,+3.56,+21.402, +8.582,+0.960
1691045580,+3.56,+21.410, +8.566,+0.959
1691045880,+3.56,+21.394, +8.576,+0.960
1691046180,+3.56,+21.402, +8.567,+0.960
1691046480,+3.56,+21.394, +8.567,+0.960
1691046780,+3.56,+21.410, +8.560,+0.959
1691047080,+3.56,+21.410, +8.553,+0.959
1691047380,+3.56,+21.427, +8.558,+0.960
1691047680,+3.56,+21.427, +8.552,+0.960
1691047980,+3.56,+21.427, +8.553,+0.960
1691048280,+3.56,+21.427, +8.552,+0.960
1691048580,+3.56,+21.419, +8.553,+0.960
1691048880,+3.56,+21.402, +8.547,+0.959
1691049180,+3.56,+21.368, +8.540,+0.959
1691049480,+3.56,+21.318, +8.563,+0.960
1691049780,+3.56,+21.310, +8.568,+0.960
1691050080,+3.56,+21.251, +8.571,+0.960
1691050380,+3.55,+21.210, +8.571,+0.959
1691050680,+3.55,+21.159, +8.579,+0.959
1691050980,+3.55,+21.134, +8.583,+0.960
1691051280,+3.55,+21.067, +8.589,+0.959
1691051580,+3.55,+21.025, +8.598,+0.960
1691051880,+3.55,+20.992, +8.597,+0.959
1691052180,+3.55,+20.925, +8.608,+0.959
1691052480,+3.55,+20.883, +8.620,+0.960
1691052780,+3.55,+20.816, +8.629,+0.960
1691053080,+3.55,+20.766, +8.639,+0.960
1691053380,+3.55,+20.724, +8.632,+0.959
1691053680,+3.55,+20.666, +8.645,+0.959
1691053980,+3.55,+20.624, +8.652,+0.960
1691054280,+3.55,+20.599, +8.654,+0.960
1691054580,+3.55,+20.565, +8.656,+0.959
1691054880,+3.55,+20.557, +8.658,+0.960
1691055180,+3.55,+20.498, +8.647,+0.959
1691055480,+3.55,+20.473, +8.665,+0.959
1691055780,+3.55,+20.423, +8.669,+0.959
1691056080,+3.55,+20.398, +8.672,+0.959
1691056380,+3.55,+20.373, +8.675,+0.959
1691056680,+3.56,+20.339, +8.680,+0.959
1691056980,+3.55,+20.314, +8.680,+0.959
