7450-325834
OS REV: 1.05 Sensor Cal: 1678992891
Time (sec),  BV (Volts),  T (deg C),  DO (mg/l),  Q ()
1692181380,+3.53,+21.306, +8.778,+0.959
1692181680,+3.53,+21.264, +8.779,+0.958
1692181980,+3.53,+21.230, +8.786,+0.958
1692182280,+3.53,+21.222, +8.789,+0.958
1692182580,+3.53,+21.322, +8.776,+0.958
1692182880,+3.53,+21.431, +8.750,+0.958
1692183180,+3.53,+21.490, +8.758,+0.959
1692183480,+3.53,+21.649, +8.719,+0.958
1692183780,+3.53,+21.741, +8.705,+0.958
1692184080,+3.53,+21.824, +8.697,+0.958
1692184380,+3.53,+21.933, +8.679,+0.958
1692184680,+3.53,+22.117, +8.650,+0.957
1692184980,+3.53,+22.276, +8.614,+0.957
1692185280,+3.53,+22.427, +8.609,+0.958
1692185580,+3.53,+22.544, +8.580,+0.957
1692185880,+3.53,+22.637, +8.575,+0.957
1692186180,+3.53,+22.804, +8.543,+0.957
1692186480,+3.53,+23.013, +8.507,+0.956
1692186780,+3.52,+23.223, +8.483,+0.957
1692187080,+3.53,+23.391, +8.463,+0.957
1692187380,+3.53,+23.625, +8.424,+0.956
1692187680,+3.52,+23.877, +8.384,+0.956
1692187980,+3.52,+24.070, +8.350,+0.956
1692188280,+3.52,+24.314, +8.321,+0.956
1692188580,+3.52,+25.088, +8.205,+0.956
1692188880,+3.53,+25.551, +8.140,+0.955
1692189180,+3.52,+25.847, +8.104,+0.955
1692189480,+3.52,+26.058, +8.069,+0.955
1692189780,+3.52,+26.134, +8.051,+0.954
1692190080,+3.52,+26.194, +8.055,+0.955
1692190380,+3.52,+26.498, +8.019,+0.954
1692190680,+3.52,+28.063, +7.829,+0.953
1692190980,+3.52,+28.353, +7.780,+0.953
1692191280,+3.52,+28.191, +7.809,+0.954
1692191580,+3.52,+27.995, +7.836,+0.954
1692191880,+3.52,+27.884, +7.855,+0.954
1692192180,+3.52,+28.242, +7.797,+0.953
1692192480,+3.52,+28.584, +7.757,+0.954
1692192780,+3.52,+28.842, +7.723,+0.954
1692193080,+3.52,+28.679, +7.735,+0.953
1692193380,+3.52,+28.482, +7.733,+0.952
1692193680,+3.52,+28.396, +7.737,+0.953
1692193980,+3.52,+28.225, +7.765,+0.953
1692194280,+3.52,+28.165, +7.764,+0.953
1692194580,+3.52,+27.969, +7.795,+0.954
1692194880,+3.52,+27.747, +4.454,+0.951
1692195180,+3.52,+27.756, +4.495,+0.951
1692195480,+3.52,+27.841, +4.590,+0.951
1692195780,+3.52,+27.892, +4.595,+0.950
1692196080,+3.52,+27.892, +4.566,+0.950
1692196380,+3.52,+27.926, +4.645,+0.950
1692196680,+3.52,+27.960, +4.692,+0.951
1692196980,+3.52,+28.003, +4.725,+0.951
1692197280,+3.52,+28.012, +4.780,+0.951
1692197580,+3.52,+28.037, +4.818,+0.950
1692197880,+3.52,+28.131, +4.901,+0.951
1692198180,+3.52,+28.165, +4.968,+0.951
1692198480,+3.52,+28.242, +5.053,+0.951
1692198780,+3.52,+28.259, +5.065,+0.950
1692199080,+3.52,+28.328, +5.081,+0.950
1692199380,+3.52,+28.362, +5.144,+0.951
1692199680,+3.52,+28.379, +5.211,+0.950
1692199980,+3.52,+28.422, +5.295,+0.951
1692200280,+3.52,+28.482, +5.340,+0.951
1692200580,+3.52,+28.490, +5.410,+0.951
1692200880,+3.52,+28.507, +5.456,+0.951
1692201180,+3.52,+28.507, +5.577,+0.951
1692201480,+3.52,+28.559, +5.687,+0.951
1692201780,+3.52,+28.619, +5.877,+0.951
1692202080,+3.52,+28.619, +5.894,+0.951
1692202380,+3.52,+28.662, +5.987,+0.951
1692202680,+3.52,+28.730, +6.049,+0.951
1692202980,+3.52,+28.756, +6.023,+0.951
1692203280,+3.52,+28.782, +6.190,+0.952
1692203580,+3.52,+28.842, +6.207,+0.951
1692203880,+3.52,+28.910, +6.189,+0.951
1692204180,+3.52,+28.944, +6.281,+0.952
1692204480,+3.52,+28.970, +6.335,+0.952
1692204780,+3.52,+29.030, +6.442,+0.951
1692205080,+3.52,+29.108, +6.503,+0.951
1692205380,+3.52,+29.151, +6.684,+0.952
1692205680,+3.52,+29.917, +7.519,+0.951
1692205980,+3.52,+30.948, +7.315,+0.948
1692206280,+3.52,+31.845, +7.165,+0.947
1692206580,+3.52,+32.380, +7.109,+0.945
1692206880,+3.51,+33.066, +7.069,+0.944
1692207180,+3.52,+33.207, +7.072,+0.944
1692207480,+3.52,+32.485, +7.184,+0.947
1692207780,+3.52,+31.837, +7.273,+0.949
1692208080,+3.52,+31.304, +7.334,+0.950
1692208380,+3.52,+30.531, +7.433,+0.951
1692208680,+3.52,+29.960, +7.518,+0.954
1692208980,+3.52,+29.839, +7.534,+0.953
1692209280,+3.52,+29.805, +7.535,+0.953
1692209580,+3.52,+31.365, +7.285,+0.950
1692209880,+3.52,+31.871, +7.231,+0.950
1692210180,+3.52,+32.274, +7.169,+0.948
1692210480,+3.52,+32.459, +7.156,+0.949
1692210780,+3.52,+32.643, +7.125,+0.948
1692211080,+3.52,+32.810, +7.104,+0.947
1692211380,+3.52,+32.969, +7.080,+0.947
1692211680,+3.52,+33.127, +7.054,+0.946
1692211980,+3.52,+33.286, +7.034,+0.946
1692212280,+3.52,+33.339, +7.025,+0.946
1692212580,+3.52,+33.445, +7.008,+0.946
1692212880,+3.52,+33.127, +7.019,+0.946
1692213180,+3.52,+32.581, +7.108,+0.948
1692213480,+3.52,+33.304, +7.014,+0.946
1692213780,+3.51,+34.216, +6.859,+0.943
1692214080,+3.52,+33.835, +6.917,+0.944
1692214380,+3.52,+33.560, +6.960,+0.945
1692214680,+3.52,+33.480, +6.978,+0.945
1692214980,+3.52,+34.145, +6.904,+0.944
1692215280,+3.51,+36.510, +6.558,+0.933
1692215580,+3.51,+36.528, +6.666,+0.934
1692215880,+3.51,+36.528, +6.739,+0.934
1692216180,+3.51,+36.519, +6.818,+0.936
1692216480,+3.51,+36.510, +6.911,+0.936
1692216780,+3.51,+36.528, +6.870,+0.935
1692217080,+3.51,+36.519, +6.790,+0.934
1692217380,+3.51,+36.519, +6.734,+0.934
1692217680,+3.51,+36.519, +6.684,+0.934
1692217980,+3.51,+36.528, +6.631,+0.933
1692218280,+3.52,+36.519, +6.569,+0.932
1692218580,+3.52,+33.048, +6.006,+0.943
1692218880,+3.52,+31.775, +6.264,+0.948
1692219180,+3.53,+31.121, +6.349,+0.950
1692219480,+3.53,+30.583, +6.356,+0.952
1692219780,+3.53,+30.046, +6.328,+0.953
1692220080,+3.53,+29.563, +6.296,+0.954
1692220380,+3.53,+29.082, +6.254,+0.954
1692220680,+3.53,+28.653, +6.216,+0.955
1692220980,+3.53,+28.276, +6.194,+0.955
1692221280,+3.53,+27.969, +6.173,+0.955
1692221580,+3.54,+27.671, +6.163,+0.956
1692221880,+3.53,+27.432, +6.150,+0.956
1692222180,+3.53,+27.177, +6.127,+0.956
1692222480,+3.54,+26.931, +6.085,+0.955
1692222780,+3.54,+26.719, +6.058,+0.956
1692223080,+3.53,+26.524, +6.030,+0.956
1692223380,+3.53,+26.371, +6.008,+0.956
1692223680,+3.53,+26.185, +6.017,+0.957
1692223980,+3.53,+26.041, +5.993,+0.957
1692224280,+3.54,+25.881, +5.956,+0.956
1692224580,+3.54,+25.746, +5.914,+0.956
1692224880,+3.54,+25.585, +5.892,+0.957
1692225180,+3.53,+25.459, +5.860,+0.957
1692225480,+3.53,+25.332, +5.810,+0.956
1692225780,+3.53,+25.197, +5.771,+0.957
1692226080,+3.53,+25.088, +5.722,+0.956
1692226380,+3.54,+24.961, +5.700,+0.957
1692226680,+3.54,+24.852, +5.678,+0.957
1692226980,+3.54,+24.734, +5.645,+0.957
1692227280,+3.54,+24.616, +5.580,+0.957
1692227580,+3.54,+24.482, +5.513,+0.957
1692227880,+3.54,+24.381, +5.451,+0.957
1692228180,+3.53,+24.272, +5.417,+0.957
1692228480,+3.53,+24.154, +5.385,+0.957
1692228780,+3.54,+24.045, +5.293,+0.957
1692229080,+3.54,+23.944, +5.215,+0.957
1692229380,+3.54,+23.835, +5.161,+0.957
1692229680,+3.54,+23.743, +5.123,+0.957
1692229980,+3.54,+23.676, +5.070,+0.957
1692230280,+3.54,+23.592, +5.036,+0.957
1692230580,+3.54,+23.516, +5.017,+0.957
1692230880,+3.54,+23.449, +5.012,+0.957
1692231180,+3.54,+23.374, +5.070,+0.957
1692231480,+3.54,+23.315, +5.036,+0.957
1692231780,+3.53,+23.265, +4.970,+0.957
1692232080,+3.53,+23.198, +4.926,+0.956
1692232380,+3.53,+23.156, +4.896,+0.957
1692232680,+3.53,+23.122, +4.858,+0.957
1692232980,+3.53,+23.080, +4.827,+0.957
1692233280,+3.54,+23.022, +4.785,+0.957
1692233580,+3.54,+22.980, +4.737,+0.957
1692233880,+3.54,+22.930, +4.687,+0.957
1692234180,+3.54,+22.879, +4.635,+0.957
1692234480,+3.54,+22.863, +4.575,+0.957
1692234780,+3.54,+22.812, +4.518,+0.957
1692235080,+3.54,+22.787, +4.460,+0.957
1692235380,+3.54,+22.754, +4.410,+0.957
1692235680,+3.54,+22.712, +4.359,+0.957
1692235980,+3.54,+22.662, +4.300,+0.957
1692236280,+3.54,+22.653, +4.230,+0.957
1692236580,+3.54,+22.637, +4.152,+0.956
1692236880,+3.54,+22.570, +4.094,+0.957
1692237180,+3.54,+22.553, +4.037,+0.957
1692237480,+3.54,+22.519, +3.980,+0.957
1692237780,+3.54,+22.486, +3.914,+0.957
1692238080,+3.54,+22.461, +3.826,+0.957
1692238380,+3.54,+22.444, +3.717,+0.957
1692238680,+3.54,+22.419, +3.602,+0.956
1692238980,+3.54,+22.369, +3.498,+0.956
1692239280,+3.54,+22.343, +3.401,+0.956
1692239580,+3.54,+22.310, +3.306,+0.957
1692239880,+3.54,+22.302, +3.194,+0.956
1692240180,+3.54,+22.285, +3.074,+0.956
1692240480,+3.54,+22.243, +2.955,+0.956
1692240780,+3.54,+22.251, +2.831,+0.956
1692241080,+3.53,+22.218, +2.705,+0.956
1692241380,+3.53,+22.193, +2.606,+0.956
1692241680,+3.53,+22.176, +2.520,+0.956
1692241980,+3.53,+22.159, +2.434,+0.956
1692242280,+3.53,+22.126, +2.359,+0.956
1692242580,+3.53,+22.109, +2.287,+0.956
1692242880,+3.53,+22.101, +2.210,+0.956
1692243180,+3.53,+22.084, +2.124,+0.956
1692243480,+3.53,+22.101, +2.025,+0.956
1692243780,+3.53,+22.084, +1.916,+0.956
1692244080,+3.53,+22.050, +1.796,+0.956
1692244380,+3.53,+22.025, +1.702,+0.956
1692244680,+3.53,+22.000, +1.627,+0.956
1692244980,+3.53,+21.975, +1.561,+0.956
1692245280,+3.53,+21.967, +1.508,+0.956
1692245580,+3.53,+21.942, +1.458,+0.956
1692245880,+3.53,+21.950, +1.402,+0.956
1692246180,+3.53,+21.933, +1.334,+0.955
1692246480,+3.53,+21.917, +1.270,+0.955
1692246780,+3.53,+21.883, +1.209,+0.955
1692247080,+3.53,+21.850, +1.158,+0.954
1692247380,+3.53,+21.808, +1.120,+0.954
1692247680,+3.53,+21.791, +1.077,+0.954
1692247980,+3.53,+21.749, +1.032,+0.953
1692248280,+3.53,+21.707, +0.996,+0.953
1692248580,+3.53,+21.682, +0.968,+0.953
1692248880,+3.53,+21.674, +0.935,+0.952
1692249180,+3.53,+21.632, +0.892,+0.952
1692249480,+3.53,+21.607, +0.843,+0.952
1692249780,+3.53,+21.590, +0.776,+0.951
1692250080,+3.53,+21.573, +0.698,+0.951
1692250380,+3.53,+21.540, +0.624,+0.950
1692250680,+3.53,+21.515, +0.556,+0.949
1692250980,+3.53,+21.490, +0.497,+0.949
1692251280,+3.53,+21.456, +0.438,+0.948
1692251580,+3.53,+21.423, +0.370,+0.947
1692251880,+3.53,+21.431, +0.298,+0.946
1692252180,+3.53,+21.431, +0.234,+0.945
1692252480,+3.53,+21.398, +0.186,+0.945
1692252780,+3.53,+21.372, +0.154,+0.944
1692253080,+3.53,+21.347, +0.127,+0.944
1692253380,+3.53,+21.331, +0.104,+0.944
1692253680,+3.53,+21.314, +0.088,+0.943
1692253980,+3.53,+21.314, +0.082,+0.943
1692254280,+3.53,+21.280, +0.079,+0.943
1692254580,+3.53,+21.272, +0.078,+0.943
1692254880,+3.53,+21.247, +0.077,+0.943
1692255180,+3.53,+21.230, +0.077,+0.943
1692255480,+3.53,+21.205, +0.078,+0.943
1692255780,+3.53,+21.213, +0.077,+0.943
1692256080,+3.53,+21.188, +0.078,+0.943
1692256380,+3.53,+21.163, +0.078,+0.944
1692256680,+3.53,+21.146, +0.078,+0.943
1692256980,+3.53,+21.130, +0.079,+0.944
1692257280,+3.53,+21.121, +0.078,+0.944
1692257580,+3.53,+21.113, +0.078,+0.943
1692257880,+3.53,+21.105, +0.079,+0.944
1692258180,+3.53,+21.071, +0.079,+0.944
1692258480,+3.53,+21.063, +0.079,+0.944
1692258780,+3.53,+21.038, +0.078,+0.944
1692259080,+3.53,+21.046, +0.079,+0.944
1692259380,+3.53,+21.029, +0.079,+0.944
1692259680,+3.53,+21.021, +0.078,+0.944
1692259980,+3.53,+20.996, +0.079,+0.944
1692260280,+3.53,+20.987, +0.079,+0.944
1692260580,+3.53,+20.987, +0.078,+0.944
1692260880,+3.53,+20.979, +0.079,+0.944
1692261180,+3.53,+20.962, +0.078,+0.944
1692261480,+3.53,+20.946, +0.079,+0.944
1692261780,+3.53,+20.929, +0.078,+0.944
1692262080,+3.53,+20.929, +0.079,+0.944
1692262380,+3.53,+20.946, +0.078,+0.944
1692262680,+3.53,+20.920, +0.079,+0.944
1692262980,+3.53,+20.887, +0.079,+0.944
1692263280,+3.53,+20.895, +0.079,+0.944
1692263580,+3.53,+20.870, +0.079,+0.944
1692263880,+3.53,+20.862, +0.078,+0.944
1692264180,+3.53,+20.887, +0.078,+0.944
1692264480,+3.53,+20.870, +0.078,+0.944
1692264780,+3.53,+20.845, +0.079,+0.944
1692265080,+3.53,+20.828, +0.078,+0.944
1692265380,+3.53,+20.828, +0.078,+0.944
1692265680,+3.53,+20.837, +0.079,+0.944
1692265980,+3.53,+20.828, +0.079,+0.944
1692266280,+3.53,+20.812, +0.078,+0.944
1692266580,+3.53,+20.803, +0.078,+0.944
1692266880,+3.53,+20.795, +0.079,+0.944
1692267180,+3.53,+20.803, +0.078,+0.944
1692267480,+3.53,+20.803, +0.078,+0.944
1692267780,+3.53,+20.786, +0.079,+0.944
