7450-566774
OS REV: 1.05 Sensor Cal: 1679419749
Time (sec),  BV (Volts),  T (deg C),  DO (mg/l),  Q ()
1692268200,+3.47,+20.635, +8.584,+0.906
1692268500,+3.47,+20.660, +8.581,+0.905
1692268800,+3.47,+20.794, +8.579,+0.906
1692269100,+3.47,+21.062, +8.543,+0.906
1692269400,+3.47,+21.380, +8.480,+0.905
1692269700,+3.47,+21.798, +8.425,+0.906
1692270000,+3.47,+22.166, +8.347,+0.905
1692270300,+3.47,+22.484, +8.297,+0.905
1692270600,+3.47,+22.693, +8.259,+0.905
1692270900,+3.47,+22.844, +8.239,+0.905
1692271200,+3.47,+23.053, +8.206,+0.905
1692271500,+3.47,+23.212, +8.191,+0.905
1692271800,+3.47,+23.321, +8.148,+0.905
1692272100,+3.47,+23.372, +8.166,+0.906
1692272400,+3.47,+23.455, +8.166,+0.905
1692272700,+3.47,+23.615, +8.119,+0.905
1692273000,+3.47,+23.707, +8.097,+0.905
1692273300,+3.47,+23.690, +8.103,+0.905
1692273600,+3.47,+23.648, +8.137,+0.906
1692273900,+3.47,+23.632, +8.146,+0.905
1692274200,+3.47,+23.741, +8.135,+0.905
1692274500,+3.47,+23.850, +8.121,+0.905
1692274800,+3.47,+23.917, +8.097,+0.905
1692275100,+3.47,+23.975, +8.106,+0.905
1692275400,+3.47,+24.101, +8.092,+0.906
1692275700,+3.47,+24.278, +8.078,+0.905
1692276000,+3.47,+24.454, +8.049,+0.905
1692276300,+3.47,+24.706, +8.023,+0.905
1692276600,+3.47,+24.942, +7.991,+0.905
1692276900,+3.47,+25.085, +7.976,+0.905
1692277200,+3.47,+25.220, +7.967,+0.905
1692277500,+3.47,+25.498, +7.933,+0.905
1692277800,+3.47,+26.072, +7.843,+0.904
1692278100,+3.47,+26.613, +7.779,+0.904
1692278400,+3.47,+26.817, +7.754,+0.905
1692278700,+3.47,+26.961, +7.702,+0.904
1692279000,+3.47,+27.343, +7.647,+0.904
1692279300,+3.47,+27.974, +7.538,+0.902
1692279600,+3.46,+28.392, +7.501,+0.903
1692279900,+3.46,+29.369, +7.434,+0.903
1692280200,+3.46,+30.370, +7.318,+0.903
1692280500,+3.46,+31.481, +7.198,+0.902
1692280800,+3.46,+33.340, +6.930,+0.898
1692281100,+3.46,+34.528, +6.754,+0.895
1692281400,+3.46,+34.217, +5.663,+0.888
1692281700,+3.47,+30.820, +6.543,+0.900
1692282000,+3.47,+30.370, +7.744,+0.902
1692282300,+3.47,+30.197, +8.507,+0.903
1692282600,+3.47,+30.197, +8.612,+0.905
1692282900,+3.48,+30.093, +7.950,+0.904
1692283200,+3.48,+30.050, +8.378,+0.905
1692283500,+3.48,+29.990, +8.195,+0.905
1692283800,+3.48,+29.929, +7.956,+0.906
1692284100,+3.48,+29.938, +7.823,+0.904
1692284400,+3.48,+29.964, +8.236,+0.904
1692284700,+3.48,+29.972, +8.008,+0.905
1692285000,+3.48,+29.981, +8.218,+0.903
1692285300,+3.48,+30.050, +8.772,+0.905
1692285600,+3.48,+30.180, +9.246,+0.906
1692285900,+3.48,+30.223, +9.867,+0.907
1692286200,+3.48,+30.249,+10.183,+0.908
1692286500,+3.48,+30.309,+10.855,+0.907
1692286800,+3.47,+30.353,+10.534,+0.907
1692287100,+3.47,+30.396,+11.063,+0.907
1692287400,+3.47,+30.431,+11.229,+0.907
1692287700,+3.47,+30.482,+11.606,+0.907
1692288000,+3.47,+30.482,+11.973,+0.908
1692288300,+3.47,+30.534,+12.341,+0.908
1692288600,+3.47,+30.560,+11.948,+0.909
1692288900,+3.47,+30.543,+11.741,+0.907
1692289200,+3.47,+30.569,+11.709,+0.907
1692289500,+3.47,+30.552,+11.568,+0.909
1692289800,+3.47,+30.560,+11.678,+0.908
1692290100,+3.47,+30.543,+12.566,+0.909
1692290400,+3.47,+30.534,+12.772,+0.909
1692290700,+3.47,+30.517,+13.430,+0.910
1692291000,+3.47,+30.543,+13.841,+0.911
1692291300,+3.47,+30.508,+13.901,+0.909
1692291600,+3.47,+30.517,+14.168,+0.911
1692291900,+3.47,+30.534,+14.171,+0.911
1692292200,+3.47,+30.517,+14.394,+0.910
1692292500,+3.47,+30.534,+14.415,+0.911
1692292800,+3.47,+30.500,+14.313,+0.910
1692293100,+3.48,+30.396,+10.677,+0.908
1692293400,+3.48,+30.405,+11.405,+0.908
1692293700,+3.48,+30.396,+10.417,+0.907
1692294000,+3.48,+30.413, +9.655,+0.906
1692294300,+3.48,+30.387, +9.213,+0.905
1692294600,+3.48,+30.396, +9.031,+0.905
1692294900,+3.48,+30.387, +8.921,+0.905
1692295200,+3.48,+30.370, +8.677,+0.905
1692295500,+3.48,+30.361, +8.581,+0.905
1692295800,+3.48,+30.370, +8.468,+0.904
1692296100,+3.48,+30.335, +8.086,+0.902
1692296400,+3.48,+30.344, +8.053,+0.904
1692296700,+3.48,+30.370, +7.925,+0.903
1692297000,+3.48,+30.379, +7.434,+0.904
1692297300,+3.48,+31.168, +7.352,+0.902
1692297600,+3.47,+32.478, +7.116,+0.898
1692297900,+3.47,+33.517, +6.956,+0.897
1692298200,+3.47,+33.641, +6.913,+0.895
1692298500,+3.47,+33.703, +6.910,+0.896
1692298800,+3.47,+33.464, +6.953,+0.898
1692299100,+3.47,+33.014, +7.012,+0.898
1692299400,+3.47,+32.575, +7.064,+0.899
1692299700,+3.48,+32.145, +7.127,+0.900
1692300000,+3.48,+31.525, +7.170,+0.902
1692300300,+3.48,+30.829, +7.279,+0.903
1692300600,+3.47,+30.699, +7.284,+0.902
1692300900,+3.48,+31.142, +7.226,+0.902
1692301200,+3.47,+31.630, +7.157,+0.902
1692301500,+3.47,+31.778, +7.144,+0.903
1692301800,+3.47,+31.673, +7.138,+0.901
1692302100,+3.48,+31.516, +7.150,+0.903
1692302400,+3.48,+31.333, +7.168,+0.903
1692302700,+3.48,+31.098, +7.191,+0.902
1692303000,+3.48,+30.864, +7.238,+0.902
1692303300,+3.47,+30.751, +7.264,+0.904
1692303600,+3.48,+30.638, +7.241,+0.903
1692303900,+3.48,+30.491, +7.270,+0.904
1692304200,+3.48,+30.387, +7.266,+0.903
1692304500,+3.48,+30.318, +7.285,+0.904
1692304800,+3.48,+30.353, +7.272,+0.904
1692305100,+3.48,+30.431, +7.258,+0.903
1692305400,+3.48,+30.422, +7.281,+0.905
1692305700,+3.48,+30.491, +7.246,+0.903
1692306000,+3.48,+30.612, +7.224,+0.903
1692306300,+3.48,+30.586, +7.224,+0.903
1692306600,+3.48,+30.560, +7.227,+0.903
1692306900,+3.48,+30.543, +7.226,+0.903
1692307200,+3.48,+30.517, +7.224,+0.903
1692307500,+3.48,+30.379, +7.221,+0.903
1692307800,+3.48,+30.223, +7.245,+0.904
1692308100,+3.48,+29.189, +7.515,+0.904
1692308400,+3.48,+28.178, +7.632,+0.904
1692308700,+3.48,+27.616, +7.711,+0.906
1692309000,+3.48,+27.207, +7.746,+0.905
1692309300,+3.48,+26.842, +7.798,+0.905
1692309600,+3.49,+26.563, +7.836,+0.906
1692309900,+3.48,+26.283, +7.871,+0.906
1692310200,+3.48,+26.038, +7.895,+0.905
1692310500,+3.49,+25.743, +7.942,+0.906
1692310800,+3.49,+25.506, +7.974,+0.906
1692311100,+3.48,+25.262, +8.144,+0.909
