7450-137738
OS REV: 1.05 Sensor Cal: 1679088645
Time (sec),  BV (Volts),  T (deg C),  DO (mg/l),  Q ()
1690970700,+3.53,+20.303, +8.327,+0.926
1690971000,+3.53,+20.161, +8.359,+0.927
1690971300,+3.53,+20.010, +8.365,+0.926
1690971600,+3.53,+19.926, +8.375,+0.926
1690971900,+3.53,+19.851, +8.375,+0.926
1690972200,+3.53,+19.801, +8.371,+0.926
1690972500,+3.53,+19.776, +8.370,+0.926
1690972800,+3.53,+19.742, +8.375,+0.926
1690973100,+3.53,+19.717, +8.384,+0.927
1690973400,+3.53,+19.683, +8.389,+0.926
1690973700,+3.53,+19.633, +8.397,+0.926
1690974000,+3.53,+19.608, +8.391,+0.926
1690974300,+3.53,+19.591, +8.418,+0.927
1690974600,+3.53,+19.583, +8.418,+0.926
1690974900,+3.53,+19.574, +8.413,+0.926
1690975200,+3.53,+19.574, +8.421,+0.927
1690975500,+3.53,+19.608, +8.425,+0.927
1690975800,+3.53,+19.633, +8.439,+0.927
1690976100,+3.53,+19.868, +8.396,+0.926
1690976400,+3.53,+19.910, +8.392,+0.926
1690976700,+3.53,+20.027, +8.397,+0.927
1690977000,+3.53,+20.864, +8.267,+0.927
1690977300,+3.53,+21.408, +8.168,+0.926
1690977600,+3.53,+21.500, +8.132,+0.926
1690977900,+3.53,+21.391, +8.151,+0.926
1690978200,+3.53,+21.358, +8.151,+0.925
1690978500,+3.53,+21.642, +8.147,+0.927
1690978800,+3.53,+21.968, +8.071,+0.926
1690979100,+3.53,+22.069, +8.057,+0.926
1690979400,+3.53,+22.428, +8.000,+0.926
1690979700,+3.53,+22.621, +7.966,+0.926
1690980000,+3.53,+22.914, +7.933,+0.926
1690980300,+3.53,+23.257, +7.883,+0.927
1690980600,+3.52,+24.053, +7.764,+0.926
1690980900,+3.52,+25.028, +7.655,+0.927
1690981200,+3.52,+26.174, +7.507,+0.927
1690981500,+3.52,+25.819, +7.517,+0.927
1690981800,+3.53,+25.533, +7.992,+0.927
1690982100,+3.52,+26.749, +7.827,+0.927
1690982400,+3.52,+28.596, +7.608,+0.928
1690982700,+3.52,+30.290, +7.380,+0.927
1690983000,+3.52,+30.940, +7.279,+0.927
1690983300,+3.52,+32.091, +7.141,+0.925
1690983600,+3.51,+33.632, +6.934,+0.923
1690983900,+3.51,+33.942, +6.866,+0.922
1690984200,+3.52,+33.137, +6.957,+0.924
1690984500,+3.52,+32.442, +7.021,+0.924
1690984800,+3.52,+33.234, +6.967,+0.924
1690985100,+3.51,+34.005, +6.853,+0.923
1690985400,+3.51,+33.738, +6.860,+0.923
1690985700,+3.51,+33.128, +6.926,+0.923
1690986000,+3.51,+33.128, +6.952,+0.924
1690986300,+3.51,+34.093, +6.836,+0.922
1690986600,+3.52,+34.396, +6.785,+0.921
1690986900,+3.52,+34.351, +6.785,+0.922
1690987200,+3.51,+34.173, +6.781,+0.921
1690987500,+3.51,+33.916, +6.816,+0.922
1690987800,+3.51,+33.765, +6.837,+0.923
1690988100,+3.52,+33.455, +6.878,+0.924
1690988400,+3.52,+33.508, +6.863,+0.923
1690988700,+3.52,+33.261, +6.885,+0.923
1690989000,+3.51,+33.005, +6.916,+0.924
1690989300,+3.51,+32.793, +6.948,+0.925
1690989600,+3.52,+32.873, +6.939,+0.925
1690989900,+3.51,+32.855, +6.937,+0.925
1690990200,+3.52,+32.706, +6.942,+0.925
1690990500,+3.52,+32.372, +6.958,+0.924
1690990800,+3.52,+31.820, +7.036,+0.926
1690991100,+3.52,+31.384, +7.081,+0.926
1690991400,+3.52,+31.175, +7.140,+0.927
1690991700,+3.52,+31.375, +7.114,+0.927
1690992000,+3.52,+31.846, +7.010,+0.925
1690992300,+3.52,+31.881, +7.029,+0.926
1690992600,+3.52,+32.056, +7.006,+0.925
1690992900,+3.52,+32.459, +6.942,+0.925
1690993200,+3.52,+32.811, +6.885,+0.924
1690993500,+3.52,+30.524, +9.952,+0.926
1690993800,+3.53,+29.145,+10.323,+0.929
1690994100,+3.53,+29.076,+10.236,+0.930
1690994400,+3.53,+28.836, +9.659,+0.929
1690994700,+3.53,+28.767, +9.562,+0.930
1690995000,+3.53,+28.750, +9.258,+0.930
1690995300,+3.53,+28.733, +8.718,+0.929
1690995600,+3.53,+28.725, +8.276,+0.928
1690995900,+3.53,+28.707, +7.937,+0.928
1690996200,+3.53,+28.707, +7.658,+0.928
1690996500,+3.53,+28.690, +7.414,+0.928
1690996800,+3.53,+28.707, +7.222,+0.929
1690997100,+3.53,+28.699, +7.048,+0.928
1690997400,+3.53,+28.707, +6.917,+0.928
1690997700,+3.53,+28.707, +6.810,+0.928
1690998000,+3.53,+28.742, +6.761,+0.928
1690998300,+3.53,+28.767, +6.779,+0.929
1690998600,+3.53,+28.784, +6.814,+0.928
1690998900,+3.53,+28.827, +6.905,+0.929
1690999200,+3.53,+28.862, +6.976,+0.928
1690999500,+3.53,+28.887, +7.067,+0.928
1690999800,+3.53,+28.930, +7.143,+0.929
1691000100,+3.53,+28.956, +7.215,+0.929
1691000400,+3.53,+28.982, +7.279,+0.928
1691000700,+3.53,+29.024, +7.355,+0.928
1691001000,+3.53,+29.059, +7.263,+0.928
1691001300,+3.53,+29.351, +9.389,+0.932
1691001600,+3.53,+29.729,+11.188,+0.930
1691001900,+3.53,+30.619, +7.483,+0.929
1691002200,+3.53,+31.375, +7.366,+0.927
1691002500,+3.53,+32.047, +7.249,+0.925
1691002800,+3.53,+32.459, +7.198,+0.925
1691003100,+3.52,+32.714, +7.158,+0.924
1691003400,+3.52,+32.908, +7.137,+0.925
1691003700,+3.53,+33.172, +7.102,+0.924
1691004000,+3.53,+33.588, +7.020,+0.922
1691004300,+3.53,+33.464, +7.056,+0.923
1691004600,+3.53,+33.234, +7.086,+0.924
1691004900,+3.53,+33.111, +7.100,+0.924
1691005200,+3.53,+33.111, +7.134,+0.924
1691005500,+3.53,+34.663, +6.916,+0.920
1691005800,+3.52,+36.451, +6.620,+0.913
1691006100,+3.52,+36.479, +6.623,+0.914
1691006400,+3.52,+36.433, +6.590,+0.914
1691006700,+3.52,+36.253, +6.607,+0.914
1691007000,+3.52,+36.144, +6.626,+0.915
1691007300,+3.52,+36.135, +6.627,+0.915
1691007600,+3.52,+36.126, +6.614,+0.914
1691007900,+3.53,+36.063, +6.626,+0.915
1691008200,+3.53,+36.009, +6.621,+0.914
1691008500,+3.53,+35.955, +6.623,+0.914
1691008800,+3.53,+35.937, +6.632,+0.915
1691009100,+3.53,+35.838, +6.652,+0.915
1691009400,+3.53,+35.721, +6.659,+0.915
1691009700,+3.53,+35.622, +6.686,+0.917
1691010000,+3.53,+35.317, +6.717,+0.917
1691010300,+3.53,+35.003, +6.766,+0.919
1691010600,+3.53,+34.663, +6.812,+0.920
1691010900,+3.53,+34.209, +6.880,+0.921
1691011200,+3.53,+33.721, +6.963,+0.923
1691011500,+3.53,+33.190, +7.050,+0.925
1691011800,+3.53,+32.697, +7.112,+0.925
1691012100,+3.54,+32.328, +7.163,+0.926
1691012400,+3.54,+32.074, +7.193,+0.927
1691012700,+3.53,+31.873, +7.223,+0.927
1691013000,+3.53,+31.724, +7.246,+0.928
1691013300,+3.53,+31.785, +7.233,+0.927
1691013600,+3.53,+31.768, +7.231,+0.929
1691013900,+3.53,+31.715, +7.221,+0.928
1691014200,+3.53,+31.637, +7.204,+0.927
1691014500,+3.53,+31.593, +7.231,+0.927
1691014800,+3.54,+31.523, +7.235,+0.928
1691015100,+3.54,+31.419, +7.250,+0.928
1691015400,+3.54,+31.358, +7.256,+0.928
1691015700,+3.54,+31.227, +7.274,+0.928
1691016000,+3.54,+31.140, +7.291,+0.928
1691016300,+3.54,+31.036, +7.318,+0.929
1691016600,+3.54,+30.940, +7.340,+0.929
1691016900,+3.54,+30.810, +7.340,+0.928
1691017200,+3.54,+30.619, +7.378,+0.929
1691017500,+3.54,+30.446, +7.400,+0.929
1691017800,+3.54,+30.161, +7.440,+0.930
1691018100,+3.54,+29.772, +7.483,+0.929
1691018400,+3.54,+29.368, +7.533,+0.930
1691018700,+3.54,+28.982, +7.586,+0.930
1691019000,+3.54,+28.630, +7.633,+0.930
1691019300,+3.55,+27.632, +7.750,+0.930
1691019600,+3.54,+26.326, +7.952,+0.931
1691019900,+3.55,+25.550, +8.068,+0.931
1691020200,+3.54,+25.086, +8.132,+0.932
1691020500,+3.55,+24.691, +8.189,+0.931
1691020800,+3.55,+24.347, +8.225,+0.930
1691021100,+3.55,+24.036, +8.276,+0.931
1691021400,+3.55,+23.743, +8.308,+0.930
1691021700,+3.55,+23.483, +8.352,+0.930
1691022000,+3.55,+23.274, +8.387,+0.930
1691022300,+3.55,+23.081, +8.412,+0.930
1691022600,+3.55,+22.947, +8.440,+0.931
1691022900,+3.55,+22.797, +8.452,+0.930
1691023200,+3.55,+22.663, +8.477,+0.930
1691023500,+3.55,+22.537, +8.494,+0.930
1691023800,+3.55,+22.437, +8.505,+0.929
1691024100,+3.55,+22.370, +8.516,+0.930
1691024400,+3.55,+22.303, +8.522,+0.929
1691024700,+3.55,+22.228, +8.545,+0.930
1691025000,+3.55,+22.169, +8.535,+0.929
1691025300,+3.55,+22.094, +8.559,+0.929
1691025600,+3.55,+22.044, +8.562,+0.929
1691025900,+3.55,+22.027, +8.556,+0.929
1691026200,+3.55,+21.985, +8.569,+0.929
1691026500,+3.55,+21.952, +8.577,+0.930
1691026800,+3.55,+21.910, +8.582,+0.929
1691027100,+3.55,+21.860, +8.579,+0.928
1691027400,+3.55,+21.835, +8.589,+0.929
1691027700,+3.55,+21.818, +8.598,+0.929
1691028000,+3.55,+21.801, +8.588,+0.929
1691028300,+3.55,+21.793, +8.591,+0.929
1691028600,+3.55,+21.734, +8.593,+0.928
1691028900,+3.55,+21.717, +8.603,+0.929
1691029200,+3.55,+21.692, +8.605,+0.929
1691029500,+3.55,+21.684, +8.612,+0.929
1691029800,+3.55,+21.676, +8.599,+0.928
1691030100,+3.55,+21.651, +8.601,+0.928
1691030400,+3.55,+21.617, +8.606,+0.928
1691030700,+3.55,+21.600, +8.616,+0.929
1691031000,+3.55,+21.609, +8.600,+0.928
1691031300,+3.55,+21.575, +8.609,+0.928
1691031600,+3.55,+21.567, +8.614,+0.929
1691031900,+3.55,+21.575, +8.616,+0.929
1691032200,+3.55,+21.542, +8.615,+0.929
1691032500,+3.55,+21.525, +8.610,+0.928
1691032800,+3.55,+21.508, +8.610,+0.928
1691033100,+3.55,+21.500, +8.612,+0.928
1691033400,+3.55,+21.492, +8.616,+0.928
1691033700,+3.55,+21.483, +8.613,+0.928
1691034000,+3.55,+21.483, +8.600,+0.927
1691034300,+3.55,+21.483, +8.613,+0.928
1691034600,+3.55,+21.467, +8.610,+0.928
1691034900,+3.55,+21.467, +8.616,+0.928
1691035200,+3.55,+21.441, +8.607,+0.928
1691035500,+3.55,+21.450, +8.605,+0.928
1691035800,+3.55,+21.441, +8.621,+0.928
1691036100,+3.55,+21.441, +8.612,+0.928
1691036400,+3.55,+21.433, +8.616,+0.928
1691036700,+3.55,+21.450, +8.616,+0.928
1691037000,+3.55,+21.441, +8.605,+0.928
1691037300,+3.55,+21.450, +8.601,+0.927
1691037600,+3.55,+21.425, +8.619,+0.928
1691037900,+3.55,+21.433, +8.601,+0.928
1691038200,+3.55,+21.433, +8.596,+0.927
1691038500,+3.55,+21.441, +8.603,+0.928
1691038800,+3.55,+21.416, +8.615,+0.928
1691039100,+3.55,+21.441, +8.583,+0.927
1691039400,+3.55,+21.441, +8.596,+0.928
1691039700,+3.55,+21.425, +8.598,+0.928
1691040000,+3.55,+21.433, +8.592,+0.928
1691040300,+3.55,+21.416, +8.591,+0.928
1691040600,+3.55,+21.408, +8.586,+0.927
1691040900,+3.55,+21.400, +8.593,+0.928
1691041200,+3.55,+21.391, +8.593,+0.928
1691041500,+3.55,+21.400, +8.587,+0.927
1691041800,+3.55,+21.408, +8.586,+0.928
1691042100,+3.55,+21.391, +8.598,+0.928
1691042400,+3.55,+21.400, +8.587,+0.928
1691042700,+3.55,+21.391, +8.584,+0.927
1691043000,+3.55,+21.375, +8.591,+0.928
1691043300,+3.54,+21.391, +8.580,+0.927
1691043600,+3.55,+21.400, +8.575,+0.927
1691043900,+3.55,+21.383, +8.582,+0.928
1691044200,+3.54,+21.383, +8.573,+0.927
1691044500,+3.54,+21.400, +8.575,+0.928
1691044800,+3.54,+21.375, +8.572,+0.927
1691045100,+3.54,+21.408, +8.563,+0.927
1691045400,+3.54,+21.375, +8.573,+0.927
1691045700,+3.54,+21.366, +8.570,+0.927
1691046000,+3.54,+21.366, +8.559,+0.927
1691046300,+3.54,+21.366, +8.566,+0.927
1691046600,+3.54,+21.358, +8.555,+0.926
1691046900,+3.54,+21.358, +8.567,+0.927
1691047200,+3.54,+21.349, +8.568,+0.928
1691047500,+3.54,+21.358, +8.555,+0.927
1691047800,+3.54,+21.366, +8.563,+0.928
1691048100,+3.54,+21.358, +8.553,+0.927
1691048400,+3.54,+21.366, +8.569,+0.928
1691048700,+3.54,+21.358, +8.561,+0.928
1691049000,+3.54,+21.349, +8.559,+0.928
1691049300,+3.54,+21.324, +8.558,+0.927
1691049600,+3.54,+21.274, +8.576,+0.928
1691049900,+3.54,+21.274, +8.565,+0.927
1691050200,+3.54,+21.224, +8.582,+0.927
1691050500,+3.54,+21.207, +8.581,+0.928
1691050800,+3.54,+21.157, +8.589,+0.927
1691051100,+3.54,+21.107, +8.592,+0.927
1691051400,+3.54,+21.065, +8.600,+0.928
1691051700,+3.54,+21.015, +8.606,+0.927
1691052000,+3.54,+20.965, +8.619,+0.928
1691052300,+3.54,+20.923, +8.616,+0.927
1691052600,+3.54,+20.864, +8.634,+0.928
1691052900,+3.54,+20.822, +8.629,+0.927
1691053200,+3.54,+20.764, +8.639,+0.927
1691053500,+3.54,+20.705, +8.644,+0.927
1691053800,+3.54,+20.672, +8.657,+0.928
1691054100,+3.54,+20.596, +8.663,+0.927
1691054400,+3.54,+20.555, +8.670,+0.927
1691054700,+3.54,+20.529, +8.665,+0.927
1691055000,+3.54,+20.479, +8.680,+0.927
1691055300,+3.54,+20.437, +8.681,+0.927
1691055600,+3.54,+20.396, +8.698,+0.928
1691055900,+3.54,+20.362, +8.692,+0.927
1691056200,+3.54,+20.329, +8.701,+0.927
1691056500,+3.54,+20.312, +8.702,+0.927
1691056800,+3.54,+20.253, +8.708,+0.927
1691057100,+3.54,+20.220, +8.726,+0.927
