7450-471033
OS REV: 1.05 Sensor Cal: 1679088763
Time (sec),  BV (Volts),  T (deg C),  DO (mg/l),  Q ()
1692181560,+3.54,+21.540, +8.587,+0.915
1692181860,+3.54,+21.524, +8.583,+0.914
1692182160,+3.54,+21.465, +8.600,+0.915
1692182460,+3.54,+21.448, +8.601,+0.915
1692182760,+3.54,+21.448, +8.596,+0.914
1692183060,+3.54,+21.482, +8.599,+0.914
1692183360,+3.54,+21.549, +8.596,+0.915
1692183660,+3.54,+21.590, +8.590,+0.914
1692183960,+3.54,+21.624, +8.574,+0.914
1692184260,+3.54,+21.699, +8.570,+0.914
1692184560,+3.54,+21.824, +8.561,+0.915
1692184860,+3.54,+21.975, +8.524,+0.914
1692185160,+3.54,+22.125, +8.503,+0.914
1692185460,+3.54,+22.259, +8.474,+0.913
1692185760,+3.54,+22.317, +8.476,+0.913
1692186060,+3.54,+22.602, +8.428,+0.914
1692186360,+3.54,+22.928, +8.379,+0.913
1692186660,+3.54,+23.271, +8.315,+0.913
1692186960,+3.54,+23.455, +8.301,+0.913
1692187260,+3.54,+23.606, +8.286,+0.913
1692187560,+3.54,+23.815, +8.244,+0.912
1692187860,+3.53,+24.025, +8.215,+0.912
1692188160,+3.53,+24.201, +8.191,+0.913
1692188460,+3.54,+24.587, +8.126,+0.912
1692188760,+3.53,+25.124, +8.028,+0.911
1692189060,+3.53,+25.394, +8.006,+0.911
1692189360,+3.54,+25.571, +7.976,+0.911
1692189660,+3.54,+25.739, +7.959,+0.911
1692189960,+3.53,+25.807, +7.946,+0.911
1692190260,+3.53,+25.950, +7.942,+0.911
1692190560,+3.53,+27.526, +7.809,+0.911
1692190860,+3.53,+29.510, +7.574,+0.908
1692191160,+3.53,+29.933, +7.538,+0.908
1692191460,+3.53,+30.226, +7.497,+0.907
1692191760,+3.53,+30.685, +7.434,+0.907
1692192060,+3.53,+31.390, +7.344,+0.905
1692192360,+3.53,+32.388, +7.201,+0.903
1692192660,+3.52,+33.075, +7.109,+0.901
1692192960,+3.52,+33.704, +7.005,+0.899
1692193260,+3.52,+34.871, +6.815,+0.894
1692193560,+3.52,+36.150, +6.604,+0.888
1692193860,+3.52,+36.467, +6.596,+0.887
1692194160,+3.52,+36.476, +6.651,+0.888
1692194460,+3.52,+36.476, +6.686,+0.889
1692194760,+3.52,+36.476, +6.734,+0.891
1692195060,+3.52,+36.458, +6.750,+0.891
1692195360,+3.52,+36.458, +6.784,+0.892
1692195660,+3.52,+36.458, +6.772,+0.891
1692195960,+3.52,+36.467, +6.673,+0.891
1692196260,+3.52,+36.231, +6.592,+0.891
1692196560,+3.53,+34.541, +6.878,+0.901
1692196860,+3.53,+32.810, +7.074,+0.907
1692197160,+3.53,+29.003, +5.628,+0.914
1692197460,+3.53,+28.165, +5.709,+0.915
1692197760,+3.53,+27.968, +5.726,+0.916
1692198060,+3.54,+27.841, +5.703,+0.915
1692198360,+3.54,+27.815, +5.647,+0.915
1692198660,+3.54,+27.781, +5.590,+0.916
1692198960,+3.54,+27.747, +5.502,+0.915
1692199260,+3.54,+27.747, +5.428,+0.915
1692199560,+3.54,+27.747, +5.421,+0.915
1692199860,+3.54,+27.772, +5.425,+0.914
1692200160,+3.54,+27.815, +5.358,+0.914
1692200460,+3.54,+27.823, +5.282,+0.914
1692200760,+3.54,+27.858, +5.272,+0.914
1692201060,+3.54,+27.866, +5.288,+0.914
1692201360,+3.54,+27.892, +5.239,+0.914
1692201660,+3.54,+27.909, +5.186,+0.914
1692201960,+3.54,+27.909, +5.143,+0.914
1692202260,+3.54,+27.951, +5.123,+0.914
1692202560,+3.54,+27.977, +5.110,+0.913
1692202860,+3.53,+28.011, +5.092,+0.913
1692203160,+3.53,+28.045, +5.039,+0.913
1692203460,+3.53,+28.071, +5.027,+0.913
1692203760,+3.53,+28.113, +4.999,+0.913
1692204060,+3.53,+28.139, +4.982,+0.913
1692204360,+3.53,+28.165, +4.958,+0.912
1692204660,+3.53,+28.199, +4.934,+0.913
1692204960,+3.53,+28.241, +4.892,+0.913
1692205260,+3.53,+28.267, +4.867,+0.913
1692205560,+3.53,+28.293, +4.823,+0.913
1692205860,+3.53,+28.361, +4.771,+0.913
1692206160,+3.53,+28.387, +4.745,+0.912
1692206460,+3.53,+28.429, +4.714,+0.912
1692206760,+3.53,+28.438, +4.723,+0.913
1692207060,+3.53,+28.515, +4.711,+0.912
1692207360,+3.53,+28.549, +4.730,+0.912
1692207660,+3.54,+28.712, +7.585,+0.913
1692207960,+3.54,+28.729, +7.596,+0.914
1692208260,+3.54,+28.900, +7.582,+0.913
1692208560,+3.53,+29.235, +7.559,+0.913
1692208860,+3.53,+29.209, +7.560,+0.913
1692209160,+3.53,+29.287, +7.542,+0.913
1692209460,+3.53,+29.769, +7.468,+0.913
1692209760,+3.53,+30.425, +7.364,+0.911
1692210060,+3.53,+31.094, +7.259,+0.909
1692210360,+3.53,+31.634, +7.176,+0.907
1692210660,+3.53,+32.089, +7.118,+0.907
1692210960,+3.53,+32.449, +7.059,+0.905
1692211260,+3.53,+32.722, +7.023,+0.905
1692211560,+3.53,+32.995, +6.969,+0.904
1692211860,+3.53,+33.207, +6.935,+0.903
1692212160,+3.53,+33.384, +6.904,+0.902
1692212460,+3.53,+33.544, +6.880,+0.902
1692212760,+3.53,+33.579, +6.849,+0.902
1692213060,+3.53,+32.643, +6.981,+0.905
1692213360,+3.53,+32.423, +7.049,+0.907
1692213660,+3.53,+32.951, +6.975,+0.906
1692213960,+3.53,+32.916, +6.947,+0.906
1692214260,+3.53,+32.485, +6.993,+0.907
1692214560,+3.53,+32.063, +7.043,+0.908
1692214860,+3.53,+31.722, +7.081,+0.908
1692215160,+3.53,+32.766, +7.000,+0.906
1692215460,+3.53,+34.237, +6.800,+0.901
1692215760,+3.53,+35.572, +6.611,+0.895
1692216060,+3.52,+36.476, +6.488,+0.891
1692216360,+3.52,+36.467, +6.557,+0.891
1692216660,+3.52,+36.449, +6.602,+0.893
1692216960,+3.52,+36.467, +6.544,+0.893
1692217260,+3.52,+36.476, +6.489,+0.893
1692217560,+3.53,+36.467, +6.454,+0.894
1692217860,+3.53,+36.467, +6.402,+0.893
1692218160,+3.53,+36.467, +6.366,+0.894
1692218460,+3.53,+35.743, +6.353,+0.897
1692218760,+3.54,+33.438, +6.667,+0.908
1692219060,+3.54,+32.335, +6.795,+0.913
1692219360,+3.54,+31.766, +6.846,+0.914
1692219660,+3.54,+31.303, +6.885,+0.914
1692219960,+3.54,+30.876, +6.921,+0.915
1692220260,+3.54,+30.417, +6.973,+0.916
1692220560,+3.54,+29.984, +7.011,+0.917
1692220860,+3.54,+29.588, +7.060,+0.918
1692221160,+3.54,+29.244, +7.088,+0.918
1692221460,+3.54,+28.952, +7.107,+0.918
1692221760,+3.54,+28.660, +7.153,+0.920
1692222060,+3.54,+28.361, +7.153,+0.918
1692222360,+3.54,+28.071, +7.184,+0.919
1692222660,+3.55,+27.772, +7.214,+0.919
1692222960,+3.54,+27.560, +7.226,+0.919
1692223260,+3.54,+27.347, +7.252,+0.920
1692223560,+3.54,+27.143, +7.260,+0.920
1692223860,+3.55,+26.940, +7.273,+0.920
1692224160,+3.55,+26.736, +7.284,+0.920
1692224460,+3.55,+26.550, +7.300,+0.920
1692224760,+3.54,+26.364, +7.311,+0.920
1692225060,+3.54,+26.161, +7.336,+0.920
1692225360,+3.55,+26.018, +7.343,+0.921
1692225660,+3.55,+25.832, +7.347,+0.920
1692225960,+3.55,+25.680, +7.362,+0.921
1692226260,+3.55,+25.528, +7.366,+0.920
1692226560,+3.55,+25.368, +7.386,+0.921
1692226860,+3.54,+25.225, +7.375,+0.920
1692227160,+3.55,+25.066, +7.397,+0.921
1692227460,+3.55,+24.939, +7.396,+0.920
1692227760,+3.55,+24.797, +7.417,+0.921
1692228060,+3.55,+24.671, +7.416,+0.921
1692228360,+3.55,+24.545, +7.407,+0.920
1692228660,+3.55,+24.394, +7.432,+0.921
1692228960,+3.55,+24.293, +7.439,+0.921
1692229260,+3.54,+24.159, +7.439,+0.921
1692229560,+3.55,+24.058, +7.442,+0.921
1692229860,+3.55,+23.949, +7.443,+0.920
1692230160,+3.55,+23.857, +7.445,+0.920
1692230460,+3.55,+23.773, +7.454,+0.921
1692230760,+3.55,+23.664, +7.455,+0.920
1692231060,+3.55,+23.597, +7.469,+0.921
1692231360,+3.55,+23.514, +7.451,+0.920
1692231660,+3.55,+23.463, +7.459,+0.921
1692231960,+3.55,+23.388, +7.451,+0.920
1692232260,+3.55,+23.338, +7.462,+0.921
1692232560,+3.55,+23.271, +7.449,+0.920
1692232860,+3.55,+23.221, +7.442,+0.920
1692233160,+3.55,+23.162, +7.443,+0.920
1692233460,+3.54,+23.087, +7.439,+0.920
1692233760,+3.55,+23.037, +7.437,+0.920
1692234060,+3.55,+23.020, +7.430,+0.920
1692234360,+3.55,+22.961, +7.436,+0.920
1692234660,+3.55,+22.911, +7.431,+0.920
1692234960,+3.55,+22.886, +7.422,+0.920
1692235260,+3.55,+22.811, +7.433,+0.920
1692235560,+3.55,+22.769, +7.426,+0.920
1692235860,+3.55,+22.752, +7.420,+0.921
1692236160,+3.55,+22.694, +7.418,+0.920
1692236460,+3.55,+22.669, +7.412,+0.920
1692236760,+3.55,+22.652, +7.392,+0.919
1692237060,+3.55,+22.585, +7.404,+0.920
1692237360,+3.55,+22.552, +7.410,+0.921
1692237660,+3.55,+22.518, +7.392,+0.920
1692237960,+3.55,+22.510, +7.393,+0.920
1692238260,+3.55,+22.468, +7.381,+0.920
1692238560,+3.55,+22.451, +7.389,+0.921
1692238860,+3.55,+22.418, +7.367,+0.920
1692239160,+3.55,+22.368, +7.370,+0.920
1692239460,+3.55,+22.343, +7.355,+0.919
1692239760,+3.55,+22.309, +7.354,+0.920
1692240060,+3.55,+22.284, +7.361,+0.920
1692240360,+3.55,+22.267, +7.353,+0.920
1692240660,+3.55,+22.242, +7.340,+0.919
1692240960,+3.55,+22.217, +7.346,+0.920
1692241260,+3.55,+22.192, +7.329,+0.920
1692241560,+3.55,+22.159, +7.336,+0.920
1692241860,+3.54,+22.142, +7.325,+0.920
1692242160,+3.54,+22.125, +7.324,+0.920
1692242460,+3.54,+22.109, +7.313,+0.920
1692242760,+3.54,+22.092, +7.305,+0.920
1692243060,+3.54,+22.075, +7.295,+0.920
1692243360,+3.54,+22.042, +7.300,+0.920
1692243660,+3.54,+22.058, +7.280,+0.920
1692243960,+3.54,+22.033, +7.270,+0.919
1692244260,+3.54,+22.000, +7.260,+0.919
1692244560,+3.54,+21.966, +7.263,+0.920
1692244860,+3.54,+21.966, +7.251,+0.920
1692245160,+3.54,+21.950, +7.253,+0.920
1692245460,+3.54,+21.933, +7.237,+0.919
1692245760,+3.54,+21.941, +7.231,+0.920
1692246060,+3.54,+21.891, +7.228,+0.919
1692246360,+3.54,+21.908, +7.211,+0.919
1692246660,+3.54,+21.866, +7.206,+0.919
1692246960,+3.54,+21.833, +7.213,+0.920
1692247260,+3.54,+21.783, +7.218,+0.920
1692247560,+3.54,+21.766, +7.206,+0.920
1692247860,+3.54,+21.741, +7.194,+0.920
1692248160,+3.54,+21.707, +7.190,+0.919
1692248460,+3.54,+21.682, +7.177,+0.919
1692248760,+3.55,+21.649, +7.180,+0.920
1692249060,+3.54,+21.607, +7.182,+0.920
1692249360,+3.54,+21.607, +7.175,+0.920
1692249660,+3.54,+21.590, +7.156,+0.919
1692249960,+3.54,+21.557, +7.149,+0.919
1692250260,+3.55,+21.540, +7.138,+0.919
1692250560,+3.55,+21.499, +7.137,+0.919
1692250860,+3.55,+21.482, +7.128,+0.919
1692251160,+3.55,+21.457, +7.128,+0.919
1692251460,+3.55,+21.432, +7.132,+0.920
1692251760,+3.55,+21.398, +7.122,+0.919
1692252060,+3.55,+21.390, +7.118,+0.920
1692252360,+3.55,+21.373, +7.102,+0.919
1692252660,+3.55,+21.340, +7.095,+0.919
1692252960,+3.55,+21.323, +7.092,+0.919
1692253260,+3.55,+21.306, +7.087,+0.920
1692253560,+3.55,+21.298, +7.081,+0.919
1692253860,+3.55,+21.273, +7.067,+0.919
1692254160,+3.55,+21.256, +7.067,+0.919
1692254460,+3.55,+21.248, +7.052,+0.919
1692254760,+3.55,+21.198, +7.052,+0.919
1692255060,+3.55,+21.198, +7.054,+0.920
1692255360,+3.55,+21.173, +7.045,+0.919
1692255660,+3.54,+21.148, +7.044,+0.920
1692255960,+3.54,+21.139, +7.032,+0.920
1692256260,+3.54,+21.114, +7.029,+0.920
1692256560,+3.54,+21.106, +7.015,+0.919
1692256860,+3.54,+21.072, +7.020,+0.920
1692257160,+3.54,+21.072, +7.004,+0.920
1692257460,+3.54,+21.047, +6.998,+0.919
1692257760,+3.54,+21.022, +6.991,+0.919
1692258060,+3.54,+21.031, +6.977,+0.919
1692258360,+3.54,+21.006, +6.984,+0.920
1692258660,+3.54,+21.006, +6.963,+0.919
1692258960,+3.54,+21.006, +6.949,+0.919
1692259260,+3.54,+20.989, +6.955,+0.920
1692259560,+3.54,+20.947, +6.952,+0.920
1692259860,+3.54,+20.947, +6.933,+0.919
1692260160,+3.54,+20.939, +6.923,+0.919
1692260460,+3.54,+20.947, +6.920,+0.919
1692260760,+3.54,+20.930, +6.915,+0.919
1692261060,+3.54,+20.922, +6.905,+0.919
1692261360,+3.54,+20.897, +6.899,+0.919
1692261660,+3.54,+20.889, +6.899,+0.920
1692261960,+3.54,+20.872, +6.884,+0.919
1692262260,+3.54,+20.855, +6.874,+0.919
1692262560,+3.54,+20.863, +6.871,+0.919
1692262860,+3.54,+20.847, +6.870,+0.920
1692263160,+3.54,+20.830, +6.852,+0.919
1692263460,+3.54,+20.830, +6.845,+0.919
1692263760,+3.54,+20.813, +6.841,+0.919
1692264060,+3.54,+20.822, +6.832,+0.919
1692264360,+3.54,+20.813, +6.817,+0.919
1692264660,+3.54,+20.805, +6.813,+0.919
1692264960,+3.54,+20.780, +6.816,+0.920
1692265260,+3.54,+20.780, +6.804,+0.919
1692265560,+3.54,+20.780, +6.795,+0.919
1692265860,+3.54,+20.771, +6.781,+0.919
1692266160,+3.54,+20.771, +6.775,+0.919
1692266460,+3.54,+20.771, +6.766,+0.919
1692266760,+3.54,+20.746, +6.760,+0.919
1692267060,+3.54,+20.755, +6.753,+0.919
1692267360,+3.54,+20.746, +6.746,+0.919
1692267660,+3.54,+20.746, +6.739,+0.919
1692267960,+3.54,+20.746, +6.723,+0.919
