7450-562111
OS REV: 1.05 Sensor Cal: 1679419969
Time (sec),  BV (Volts),  T (deg C),  DO (mg/l),  Q ()
1690970700,+3.47,+20.173, +8.872,+0.936
1690971000,+3.47,+20.031, +8.895,+0.936
1690971300,+3.47,+19.888, +8.920,+0.937
1690971600,+3.47,+19.779, +8.931,+0.937
1690971900,+3.47,+19.662, +8.954,+0.937
1690972200,+3.47,+19.620, +8.967,+0.937
1690972500,+3.47,+19.578, +8.993,+0.936
1690972800,+3.47,+19.536, +8.976,+0.937
1690973100,+3.47,+19.503, +8.979,+0.937
1690973400,+3.47,+19.469, +8.989,+0.937
1690973700,+3.47,+19.452, +9.019,+0.936
1690974000,+3.47,+19.410, +8.990,+0.937
1690974300,+3.47,+19.402, +9.012,+0.937
1690974600,+3.47,+19.385, +9.011,+0.936
1690974900,+3.47,+19.377, +9.017,+0.937
1690975200,+3.47,+19.368, +9.013,+0.937
1690975500,+3.47,+19.360, +9.050,+0.936
1690975800,+3.47,+19.394, +9.059,+0.937
1690976100,+3.47,+19.662, +9.007,+0.936
1690976400,+3.47,+19.779, +8.992,+0.937
1690976700,+3.47,+20.190, +8.946,+0.937
1690977000,+3.47,+20.633, +8.874,+0.937
1690977300,+3.47,+21.018, +8.780,+0.936
1690977600,+3.47,+21.060, +8.772,+0.936
1690977900,+3.47,+21.035, +8.781,+0.936
1690978200,+3.47,+21.094, +8.764,+0.936
1690978500,+3.47,+21.520, +8.702,+0.936
1690978800,+3.47,+21.729, +8.671,+0.936
1690979100,+3.47,+21.846, +8.648,+0.936
1690979400,+3.47,+22.231, +8.576,+0.935
1690979700,+3.47,+22.532, +8.545,+0.936
1690980000,+3.47,+22.984, +8.464,+0.936
1690980300,+3.47,+23.470, +8.398,+0.936
1690980600,+3.46,+24.065, +8.325,+0.936
1690980900,+3.47,+24.645, +8.230,+0.935
1690981200,+3.46,+25.065, +8.181,+0.935
1690981500,+3.46,+25.107, +8.172,+0.935
1690981800,+3.46,+25.276, +8.157,+0.936
1690982100,+3.46,+26.204, +8.075,+0.936
1690982400,+3.46,+26.966, +7.965,+0.936
1690982700,+3.46,+27.620, +7.879,+0.937
1690983000,+3.46,+27.705, +7.862,+0.936
1690983300,+3.46,+28.610, +7.767,+0.936
1690983600,+3.46,+29.493, +7.666,+0.936
1690983900,+3.46,+29.674, +7.611,+0.936
1690984200,+3.46,+29.545, +7.611,+0.936
1690984500,+3.46,+29.356, +7.629,+0.936
1690984800,+3.46,+29.485, +7.609,+0.935
1690985100,+3.46,+29.708, +7.585,+0.935
1690985400,+3.46,+29.743, +7.570,+0.935
1690985700,+3.46,+29.622, +7.587,+0.936
1690986000,+3.46,+29.864, +7.565,+0.935
1690986300,+3.46,+30.312, +7.515,+0.935
1690986600,+3.46,+30.589, +7.476,+0.935
1690986900,+3.46,+30.650, +7.460,+0.935
1690987200,+3.46,+30.511, +7.458,+0.934
1690987500,+3.46,+30.503, +7.467,+0.935
1690987800,+3.46,+30.243, +7.493,+0.935
1690988100,+3.47,+30.174, +7.510,+0.935
1690988400,+3.47,+30.166, +7.502,+0.935
1690988700,+3.47,+29.889, +7.534,+0.935
1690989000,+3.46,+29.777, +7.551,+0.936
1690989300,+3.46,+29.700, +7.552,+0.935
1690989600,+3.46,+29.657, +7.569,+0.936
1690989900,+3.47,+29.734, +7.546,+0.935
1690990200,+3.47,+29.933, +7.525,+0.935
1690990500,+3.47,+30.027, +7.508,+0.935
1690990800,+3.46,+30.511, +7.420,+0.934
1690991100,+3.47,+31.206, +7.320,+0.933
1690991400,+3.47,+31.449, +7.435,+0.933
1690991700,+3.47,+29.201, +9.353,+0.935
1690992000,+3.47,+28.789, +9.236,+0.936
1690992300,+3.47,+28.704, +9.313,+0.936
1690992600,+3.47,+28.644, +9.014,+0.936
1690992900,+3.47,+28.704, +9.134,+0.936
1690993200,+3.47,+28.772, +9.601,+0.937
1690993500,+3.47,+28.875,+10.253,+0.936
1690993800,+3.47,+28.987,+10.830,+0.937
1690994100,+3.47,+28.995,+11.111,+0.936
1690994400,+3.47,+29.098,+11.237,+0.937
1690994700,+3.47,+29.141,+11.926,+0.937
1690995000,+3.47,+29.313,+13.237,+0.936
1690995300,+3.47,+29.467,+14.029,+0.936
1690995600,+3.47,+29.562,+15.029,+0.938
1690995900,+3.47,+29.519,+16.253,+0.937
1690996200,+3.47,+29.528,+16.814,+0.938
1690996500,+3.47,+29.579,+16.880,+0.939
1690996800,+3.47,+29.614,+16.326,+0.936
1690997100,+3.47,+29.657,+15.826,+0.936
1690997400,+3.47,+29.665,+16.176,+0.938
1690997700,+3.47,+29.717,+16.276,+0.936
1690998000,+3.47,+29.752,+17.497,+0.937
1690998300,+3.47,+29.803,+17.842,+0.937
1690998600,+3.47,+29.829,+17.922,+0.936
1690998900,+3.47,+29.881,+18.196,+0.937
1690999200,+3.47,+29.881,+19.056,+0.939
1690999500,+3.47,+29.898,+19.703,+0.939
1690999800,+3.47,+29.924,+19.729,+0.938
1691000100,+3.47,+29.958,+19.067,+0.935
1691000400,+3.47,+30.010,+19.365,+0.938
1691000700,+3.47,+30.036,+19.619,+0.940
1691001000,+3.47,+30.062,+19.799,+0.940
1691001300,+3.47,+30.105,+19.747,+0.939
1691001600,+3.47,+30.140,+20.038,+0.940
1691001900,+3.47,+30.174,+19.706,+0.939
1691002200,+3.47,+30.217,+19.774,+0.939
1691002500,+3.47,+30.252,+20.017,+0.940
1691002800,+3.47,+30.287,+19.496,+0.938
1691003100,+3.47,+30.278,+20.200,+0.939
1691003400,+3.47,+30.122,+17.214,+0.937
1691003700,+3.47,+30.062,+14.514,+0.938
1691004000,+3.47,+30.209, +7.477,+0.935
1691004300,+3.47,+30.858, +7.374,+0.933
1691004600,+3.47,+31.266, +7.313,+0.932
1691004900,+3.47,+31.362, +7.298,+0.932
1691005200,+3.47,+31.458, +7.289,+0.932
1691005500,+3.47,+31.851, +7.228,+0.931
1691005800,+3.47,+32.393, +7.138,+0.930
1691006100,+3.47,+33.635, +6.961,+0.928
1691006400,+3.47,+34.985, +6.776,+0.924
1691006700,+3.47,+36.088, +6.588,+0.918
1691007000,+3.46,+36.457, +6.570,+0.917
1691007300,+3.46,+36.457, +6.634,+0.918
1691007600,+3.47,+36.457, +6.670,+0.919
1691007900,+3.47,+36.466, +6.686,+0.919
1691008200,+3.47,+36.466, +6.715,+0.919
1691008500,+3.47,+36.466, +6.757,+0.920
1691008800,+3.47,+36.466, +6.804,+0.921
1691009100,+3.48,+36.457, +6.846,+0.922
1691009400,+3.48,+36.448, +6.876,+0.924
1691009700,+3.48,+36.466, +6.818,+0.924
1691010000,+3.48,+36.457, +6.749,+0.923
1691010300,+3.48,+36.466, +6.710,+0.922
1691010600,+3.48,+36.466, +6.665,+0.923
1691010900,+3.48,+36.466, +6.613,+0.923
1691011200,+3.48,+36.457, +6.563,+0.922
1691011500,+3.49,+35.692, +6.686,+0.926
1691011800,+3.49,+34.941, +6.809,+0.930
1691012100,+3.49,+34.406, +6.886,+0.932
1691012400,+3.49,+33.971, +6.934,+0.933
1691012700,+3.49,+33.635, +6.963,+0.933
1691013000,+3.49,+33.405, +6.995,+0.935
1691013300,+3.49,+33.317, +6.997,+0.935
1691013600,+3.49,+33.237, +6.975,+0.935
1691013900,+3.49,+33.202, +6.973,+0.935
1691014200,+3.49,+33.061, +6.980,+0.935
1691014500,+3.49,+32.929, +7.002,+0.935
1691014800,+3.49,+32.779, +7.016,+0.936
1691015100,+3.49,+32.586, +7.049,+0.937
1691015400,+3.49,+32.463, +7.067,+0.938
1691015700,+3.49,+32.288, +7.088,+0.937
1691016000,+3.49,+32.104, +7.129,+0.939
1691016300,+3.49,+31.973, +7.134,+0.938
1691016600,+3.48,+31.824, +7.155,+0.938
1691016900,+3.48,+31.641, +7.175,+0.938
1691017200,+3.49,+31.380, +7.215,+0.938
1691017500,+3.49,+31.058, +7.260,+0.939
1691017800,+3.48,+30.685, +7.305,+0.939
1691018100,+3.49,+30.235, +7.373,+0.940
1691018400,+3.49,+29.820, +7.428,+0.940
1691018700,+3.49,+29.416, +7.483,+0.940
1691019000,+3.49,+29.064, +7.527,+0.941
1691019300,+3.49,+27.203, +7.837,+0.941
1691019600,+3.49,+26.356, +7.944,+0.941
1691019900,+3.49,+25.933, +7.985,+0.941
1691020200,+3.49,+25.579, +8.024,+0.941
1691020500,+3.49,+25.284, +8.063,+0.941
1691020800,+3.49,+24.998, +8.105,+0.941
1691021100,+3.49,+24.754, +8.119,+0.940
1691021400,+3.49,+24.527, +8.172,+0.941
1691021700,+3.49,+24.300, +8.206,+0.942
1691022000,+3.49,+24.149, +8.222,+0.941
1691022300,+3.49,+23.990, +8.234,+0.941
1691022600,+3.49,+23.864, +8.258,+0.941
1691022900,+3.49,+23.738, +8.282,+0.941
1691023200,+3.49,+23.604, +8.299,+0.941
1691023500,+3.49,+23.520, +8.311,+0.941
1691023800,+3.49,+23.411, +8.322,+0.941
1691024100,+3.49,+23.328, +8.336,+0.941
1691024400,+3.49,+23.252, +8.349,+0.941
1691024700,+3.49,+23.152, +8.356,+0.940
1691025000,+3.49,+23.093, +8.375,+0.941
1691025300,+3.49,+22.984, +8.383,+0.940
1691025600,+3.49,+22.917, +8.400,+0.941
1691025900,+3.49,+22.842, +8.412,+0.941
1691026200,+3.49,+22.775, +8.412,+0.940
1691026500,+3.49,+22.700, +8.425,+0.940
1691026800,+3.49,+22.633, +8.430,+0.940
1691027100,+3.49,+22.591, +8.444,+0.941
1691027400,+3.49,+22.549, +8.450,+0.941
1691027700,+3.49,+22.499, +8.453,+0.940
1691028000,+3.49,+22.440, +8.472,+0.941
1691028300,+3.49,+22.398, +8.466,+0.940
1691028600,+3.49,+22.357, +8.463,+0.940
1691028900,+3.49,+22.315, +8.480,+0.940
1691029200,+3.49,+22.256, +8.482,+0.940
1691029500,+3.49,+22.239, +8.475,+0.940
1691029800,+3.49,+22.206, +8.494,+0.940
1691030100,+3.49,+22.173, +8.495,+0.940
1691030400,+3.48,+22.147, +8.501,+0.940
1691030700,+3.48,+22.122, +8.501,+0.940
1691031000,+3.48,+22.072, +8.511,+0.940
1691031300,+3.48,+22.064, +8.511,+0.941
1691031600,+3.48,+22.030, +8.502,+0.940
1691031900,+3.48,+22.014, +8.500,+0.939
1691032200,+3.48,+21.955, +8.522,+0.940
1691032500,+3.48,+21.922, +8.528,+0.940
1691032800,+3.48,+21.905, +8.523,+0.940
1691033100,+3.48,+21.880, +8.521,+0.940
1691033400,+3.48,+21.838, +8.527,+0.940
1691033700,+3.48,+21.796, +8.536,+0.940
1691034000,+3.48,+21.771, +8.543,+0.940
1691034300,+3.48,+21.746, +8.532,+0.939
1691034600,+3.48,+21.729, +8.540,+0.940
1691034900,+3.48,+21.696, +8.538,+0.939
1691035200,+3.48,+21.679, +8.536,+0.940
1691035500,+3.48,+21.671, +8.537,+0.939
1691035800,+3.48,+21.646, +8.547,+0.940
1691036100,+3.48,+21.621, +8.545,+0.940
1691036400,+3.48,+21.604, +8.546,+0.940
1691036700,+3.48,+21.595, +8.566,+0.941
1691037000,+3.48,+21.545, +8.557,+0.940
1691037300,+3.48,+21.545, +8.559,+0.940
1691037600,+3.48,+21.512, +8.571,+0.940
1691037900,+3.48,+21.520, +8.559,+0.940
1691038200,+3.48,+21.503, +8.554,+0.940
1691038500,+3.48,+21.495, +8.567,+0.941
1691038800,+3.48,+21.487, +8.557,+0.940
1691039100,+3.48,+21.487, +8.559,+0.940
1691039400,+3.48,+21.462, +8.562,+0.940
1691039700,+3.48,+21.453, +8.567,+0.940
1691040000,+3.48,+21.428, +8.563,+0.940
1691040300,+3.48,+21.411, +8.557,+0.939
1691040600,+3.48,+21.403, +8.566,+0.940
1691040900,+3.48,+21.411, +8.556,+0.940
1691041200,+3.48,+21.395, +8.549,+0.939
1691041500,+3.48,+21.370, +8.557,+0.939
1691041800,+3.48,+21.353, +8.576,+0.941
1691042100,+3.48,+21.370, +8.554,+0.940
1691042400,+3.48,+21.353, +8.549,+0.939
1691042700,+3.48,+21.361, +8.550,+0.940
1691043000,+3.48,+21.353, +8.550,+0.940
1691043300,+3.48,+21.336, +8.562,+0.940
1691043600,+3.48,+21.345, +8.549,+0.940
1691043900,+3.48,+21.328, +8.556,+0.940
1691044200,+3.48,+21.336, +8.546,+0.939
1691044500,+3.48,+21.328, +8.553,+0.940
1691044800,+3.48,+21.328, +8.543,+0.939
1691045100,+3.48,+21.319, +8.547,+0.940
1691045400,+3.48,+21.319, +8.537,+0.940
1691045700,+3.48,+21.303, +8.547,+0.940
1691046000,+3.48,+21.303, +8.546,+0.940
1691046300,+3.48,+21.286, +8.541,+0.939
1691046600,+3.48,+21.294, +8.547,+0.940
1691046900,+3.48,+21.286, +8.534,+0.939
1691047200,+3.48,+21.261, +8.540,+0.939
1691047500,+3.48,+21.269, +8.534,+0.939
1691047800,+3.48,+21.278, +8.536,+0.940
1691048100,+3.48,+21.244, +8.531,+0.939
1691048400,+3.48,+21.261, +8.533,+0.940
1691048700,+3.48,+21.278, +8.529,+0.940
1691049000,+3.48,+21.253, +8.535,+0.940
1691049300,+3.48,+21.227, +8.540,+0.940
1691049600,+3.48,+21.219, +8.538,+0.940
1691049900,+3.48,+21.202, +8.544,+0.940
1691050200,+3.48,+21.161, +8.548,+0.940
1691050500,+3.48,+21.110, +8.557,+0.940
1691050800,+3.48,+21.094, +8.546,+0.939
1691051100,+3.47,+21.060, +8.547,+0.939
1691051400,+3.47,+21.010, +8.559,+0.939
1691051700,+3.47,+21.002, +8.559,+0.940
1691052000,+3.47,+20.951, +8.572,+0.940
1691052300,+3.47,+20.910, +8.578,+0.940
1691052600,+3.47,+20.876, +8.576,+0.940
1691052900,+3.47,+20.834, +8.590,+0.940
1691053200,+3.47,+20.784, +8.587,+0.939
1691053500,+3.47,+20.742, +8.593,+0.940
1691053800,+3.47,+20.667, +8.606,+0.940
1691054100,+3.48,+20.633, +8.609,+0.940
1691054400,+3.48,+20.592, +8.615,+0.940
1691054700,+3.48,+20.550, +8.616,+0.939
1691055000,+3.48,+20.508, +8.627,+0.940
1691055300,+3.48,+20.458, +8.636,+0.940
1691055600,+3.48,+20.433, +8.627,+0.939
1691055900,+3.48,+20.407, +8.638,+0.940
1691056200,+3.48,+20.349, +8.650,+0.940
1691056500,+3.48,+20.324, +8.643,+0.939
1691056800,+3.48,+20.290, +8.653,+0.940
1691057100,+3.48,+20.265, +8.653,+0.939
