7450-325834
OS REV: 1.05 Sensor Cal: 1678992891
Time (sec),  BV (Volts),  T (deg C),  DO (mg/l),  Q ()
1690883880,+3.53,+20.443, +8.993,+0.967
1690884180,+3.53,+20.686, +8.945,+0.967
1690884480,+3.53,+20.711, +8.937,+0.967
1690884780,+3.53,+20.661, +8.951,+0.967
1690885080,+3.53,+20.627, +8.957,+0.967
1690885380,+3.53,+20.611, +8.957,+0.967
1690885680,+3.53,+20.577, +8.963,+0.967
1690885980,+3.53,+20.493, +8.979,+0.967
1690886280,+3.53,+20.376, +9.007,+0.967
1690886580,+3.54,+20.267, +9.029,+0.968
1690886880,+3.54,+20.167, +9.043,+0.967
1690887180,+3.53,+20.133, +9.055,+0.967
1690887480,+3.53,+20.116, +9.070,+0.968
1690887780,+3.53,+20.091, +9.088,+0.967
1690888080,+3.53,+20.074, +9.103,+0.968
1690888380,+3.53,+20.083, +9.092,+0.967
1690888680,+3.53,+20.435, +9.033,+0.967
1690888980,+3.53,+20.736, +8.983,+0.967
1690889280,+3.53,+20.778, +8.992,+0.967
1690889580,+3.53,+20.803, +8.980,+0.967
1690889880,+3.53,+20.845, +8.974,+0.967
1690890180,+3.53,+20.929, +8.957,+0.967
1690890480,+3.53,+21.205, +8.923,+0.967
1690890780,+3.53,+21.883, +8.815,+0.966
1690891080,+3.53,+22.620, +8.705,+0.966
1690891380,+3.53,+23.047, +8.629,+0.965
1690891680,+3.53,+23.131, +8.621,+0.965
1690891980,+3.53,+23.600, +8.540,+0.965
1690892280,+3.52,+24.163, +8.467,+0.965
1690892580,+3.53,+24.759, +8.377,+0.964
1690892880,+3.52,+25.366, +8.276,+0.963
1690893180,+3.53,+25.906, +8.205,+0.963
1690893480,+3.52,+26.388, +8.137,+0.963
1690893780,+3.53,+26.871, +8.062,+0.962
1690894080,+3.52,+27.313, +8.004,+0.962
1690894380,+3.52,+27.935, +7.922,+0.961
1690894680,+3.52,+28.567, +7.855,+0.962
1690894980,+3.52,+29.090, +7.776,+0.960
1690895280,+3.52,+29.874, +7.673,+0.960
1690895580,+3.52,+30.540, +7.586,+0.959
1690895880,+3.52,+31.409, +7.468,+0.958
1690896180,+3.52,+32.204, +7.351,+0.956
1690896480,+3.52,+32.643, +7.293,+0.955
1690896780,+3.51,+32.925, +7.254,+0.954
1690897080,+3.51,+32.995, +7.246,+0.954
1690897380,+3.52,+33.180, +7.217,+0.953
1690897680,+3.52,+33.436, +7.183,+0.952
1690897980,+3.52,+33.781, +7.120,+0.950
1690898280,+3.51,+34.145, +7.073,+0.950
1690898580,+3.52,+34.350, +7.049,+0.949
1690898880,+3.52,+34.474, +7.029,+0.948
1690899180,+3.52,+34.510, +7.041,+0.949
1690899480,+3.52,+34.867, +6.958,+0.947
1690899780,+3.51,+35.197, +6.895,+0.945
1690900080,+3.52,+35.565, +6.824,+0.943
1690900380,+3.52,+35.951, +6.755,+0.941
1690900680,+3.52,+36.167, +6.727,+0.939
1690900980,+3.52,+35.090, +6.934,+0.946
1690901280,+3.52,+33.870, +7.133,+0.951
1690901580,+3.52,+33.145, +7.250,+0.953
1690901880,+3.52,+32.757, +7.335,+0.955
1690902180,+3.53,+28.473, +7.074,+0.960
1690902480,+3.53,+27.952, +7.183,+0.962
1690902780,+3.53,+27.798, +7.244,+0.962
1690903080,+3.53,+27.756, +7.284,+0.963
1690903380,+3.53,+27.713, +7.304,+0.962
1690903680,+3.53,+27.730, +7.329,+0.963
1690903980,+3.53,+27.730, +7.354,+0.962
1690904280,+3.53,+27.764, +7.380,+0.963
1690904580,+3.53,+27.764, +7.402,+0.963
1690904880,+3.53,+27.798, +7.427,+0.963
1690905180,+3.53,+27.815, +7.428,+0.962
1690905480,+3.53,+27.841, +7.457,+0.962
1690905780,+3.53,+27.875, +7.491,+0.963
1690906080,+3.53,+27.918, +7.516,+0.963
1690906380,+3.53,+27.926, +7.534,+0.962
1690906680,+3.53,+27.952, +7.557,+0.963
1690906980,+3.53,+27.978, +7.587,+0.963
1690907280,+3.53,+27.969, +7.618,+0.963
1690907580,+3.53,+28.020, +7.641,+0.962
1690907880,+3.53,+28.046, +7.663,+0.963
1690908180,+3.53,+28.071, +7.668,+0.962
1690908480,+3.53,+28.089, +7.709,+0.962
1690908780,+3.53,+28.148, +7.735,+0.963
1690909080,+3.53,+28.174, +7.762,+0.963
1690909380,+3.53,+28.200, +7.785,+0.962
1690909680,+3.53,+28.242, +7.795,+0.962
1690909980,+3.53,+28.268, +7.827,+0.962
1690910280,+3.53,+28.259, +7.827,+0.963
1690910580,+3.53,+28.328, +7.865,+0.962
1690910880,+3.53,+28.362, +7.910,+0.962
1690911180,+3.53,+28.396, +7.928,+0.962
1690911480,+3.53,+28.413, +7.957,+0.963
1690911780,+3.53,+28.456, +7.959,+0.963
1690912080,+3.53,+28.345, +7.870,+0.962
1690912380,+3.53,+28.927, +7.756,+0.962
1690912680,+3.53,+30.635, +7.528,+0.960
1690912980,+3.53,+31.566, +7.392,+0.958
1690913280,+3.52,+31.941, +7.351,+0.958
1690913580,+3.53,+32.038, +7.316,+0.957
1690913880,+3.53,+32.248, +7.274,+0.956
1690914180,+3.53,+32.362, +7.255,+0.956
1690914480,+3.53,+32.652, +7.211,+0.955
1690914780,+3.53,+33.295, +7.121,+0.953
1690915080,+3.52,+34.030, +7.026,+0.952
1690915380,+3.53,+34.670, +6.941,+0.950
1690915680,+3.52,+35.001, +6.872,+0.948
1690915980,+3.52,+34.279, +6.994,+0.950
1690916280,+3.53,+33.604, +7.088,+0.953
1690916580,+3.53,+33.286, +7.135,+0.954
1690916880,+3.52,+33.127, +7.153,+0.954
1690917180,+3.52,+33.048, +7.169,+0.955
1690917480,+3.52,+32.872, +7.187,+0.955
1690917780,+3.53,+32.678, +7.225,+0.956
1690918080,+3.53,+32.590, +7.227,+0.955
1690918380,+3.53,+32.494, +7.247,+0.956
1690918680,+3.53,+32.406, +7.252,+0.955
1690918980,+3.53,+32.265, +7.282,+0.957
1690919280,+3.53,+32.064, +7.298,+0.957
1690919580,+3.53,+31.985, +7.284,+0.956
1690919880,+3.53,+31.985, +7.294,+0.957
1690920180,+3.53,+32.020, +7.301,+0.956
1690920480,+3.53,+31.959, +7.313,+0.956
1690920780,+3.53,+31.906, +7.321,+0.957
1690921080,+3.53,+31.880, +7.319,+0.956
1690921380,+3.53,+31.898, +7.324,+0.957
1690921680,+3.53,+31.933, +7.315,+0.956
1690921980,+3.53,+32.003, +7.295,+0.955
1690922280,+3.53,+32.038, +7.301,+0.956
1690922580,+3.53,+32.099, +7.293,+0.956
1690922880,+3.53,+32.152, +7.282,+0.955
1690923180,+3.53,+32.195, +7.281,+0.956
1690923480,+3.53,+32.230, +7.271,+0.955
1690923780,+3.53,+32.283, +7.269,+0.956
1690924080,+3.53,+32.301, +7.245,+0.956
1690924380,+3.53,+32.213, +7.245,+0.955
1690924680,+3.53,+32.011, +7.284,+0.956
1690924980,+3.53,+31.758, +7.305,+0.956
1690925280,+3.53,+31.548, +7.338,+0.957
1690925580,+3.53,+31.383, +7.362,+0.957
1690925880,+3.53,+31.313, +7.361,+0.957
1690926180,+3.53,+31.217, +7.376,+0.957
1690926480,+3.54,+31.087, +7.392,+0.958
1690926780,+3.53,+30.921, +7.411,+0.958
1690927080,+3.53,+30.652, +7.455,+0.959
1690927380,+3.54,+30.090, +7.539,+0.959
1690927680,+3.54,+28.234, +7.766,+0.963
1690927980,+3.54,+26.829, +7.943,+0.964
1690928280,+3.54,+26.210, +8.018,+0.964
1690928580,+3.54,+25.746, +8.083,+0.965
1690928880,+3.54,+25.349, +8.137,+0.965
1690929180,+3.54,+24.995, +8.197,+0.966
1690929480,+3.54,+24.675, +8.227,+0.965
1690929780,+3.54,+24.398, +8.270,+0.966
1690930080,+3.54,+24.137, +8.313,+0.966
1690930380,+3.54,+23.894, +8.345,+0.966
1690930680,+3.54,+23.709, +8.375,+0.966
1690930980,+3.55,+23.516, +8.411,+0.966
1690931280,+3.54,+23.324, +8.438,+0.966
1690931580,+3.54,+23.164, +8.464,+0.966
1690931880,+3.54,+23.022, +8.483,+0.966
1690932180,+3.54,+22.921, +8.504,+0.967
1690932480,+3.54,+22.804, +8.520,+0.966
1690932780,+3.54,+22.670, +8.554,+0.967
1690933080,+3.55,+22.561, +8.564,+0.967
1690933380,+3.55,+22.461, +8.576,+0.967
1690933680,+3.55,+22.394, +8.589,+0.967
1690933980,+3.55,+22.310, +8.602,+0.967
1690934280,+3.54,+22.218, +8.616,+0.967
1690934580,+3.54,+22.143, +8.635,+0.968
1690934880,+3.54,+22.092, +8.636,+0.967
1690935180,+3.54,+22.017, +8.646,+0.967
1690935480,+3.54,+21.950, +8.669,+0.968
1690935780,+3.54,+21.875, +8.676,+0.967
1690936080,+3.54,+21.833, +8.682,+0.967
1690936380,+3.54,+21.783, +8.684,+0.967
1690936680,+3.54,+21.749, +8.685,+0.967
1690936980,+3.54,+21.691, +8.705,+0.968
1690937280,+3.54,+21.657, +8.710,+0.968
1690937580,+3.54,+21.615, +8.716,+0.967
1690937880,+3.54,+21.565, +8.725,+0.968
1690938180,+3.54,+21.531, +8.726,+0.967
1690938480,+3.54,+21.490, +8.747,+0.968
1690938780,+3.54,+21.439, +8.757,+0.968
1690939080,+3.54,+21.423, +8.744,+0.967
1690939380,+3.54,+21.398, +8.747,+0.967
1690939680,+3.54,+21.347, +8.764,+0.968
1690939980,+3.54,+21.331, +8.765,+0.968
1690940280,+3.54,+21.306, +8.768,+0.968
1690940580,+3.54,+21.280, +8.766,+0.967
1690940880,+3.54,+21.264, +8.766,+0.967
1690941180,+3.54,+21.247, +8.778,+0.968
1690941480,+3.54,+21.213, +8.790,+0.968
1690941780,+3.54,+21.180, +8.791,+0.968
1690942080,+3.54,+21.172, +8.801,+0.968
1690942380,+3.54,+21.146, +8.804,+0.968
1690942680,+3.54,+21.146, +8.796,+0.968
1690942980,+3.54,+21.096, +8.813,+0.968
1690943280,+3.54,+21.079, +8.814,+0.968
1690943580,+3.54,+21.063, +8.810,+0.968
1690943880,+3.54,+21.046, +8.809,+0.968
1690944180,+3.54,+21.029, +8.811,+0.968
1690944480,+3.54,+21.021, +8.827,+0.969
1690944780,+3.54,+21.013, +8.824,+0.968
1690945080,+3.54,+20.996, +8.822,+0.968
1690945380,+3.54,+20.987, +8.822,+0.968
1690945680,+3.54,+20.962, +8.836,+0.969
1690945980,+3.54,+20.962, +8.827,+0.968
1690946280,+3.54,+20.954, +8.829,+0.968
1690946580,+3.54,+20.954, +8.824,+0.968
1690946880,+3.54,+20.937, +8.836,+0.968
1690947180,+3.54,+20.929, +8.830,+0.968
1690947480,+3.54,+20.920, +8.828,+0.968
1690947780,+3.54,+20.920, +8.828,+0.968
1690948080,+3.54,+20.920, +8.829,+0.968
1690948380,+3.54,+20.920, +8.833,+0.968
1690948680,+3.54,+20.912, +8.824,+0.968
1690948980,+3.54,+20.904, +8.838,+0.968
1690949280,+3.54,+20.887, +8.832,+0.968
1690949580,+3.54,+20.887, +8.833,+0.968
1690949880,+3.54,+20.879, +8.837,+0.968
1690950180,+3.54,+20.887, +8.834,+0.968
1690950480,+3.54,+20.870, +8.840,+0.968
1690950780,+3.54,+20.870, +8.844,+0.968
1690951080,+3.54,+20.879, +8.833,+0.968
1690951380,+3.54,+20.870, +8.829,+0.968
1690951680,+3.54,+20.895, +8.821,+0.968
1690951980,+3.54,+20.879, +8.837,+0.968
1690952280,+3.53,+20.887, +8.839,+0.968
1690952580,+3.54,+20.887, +8.835,+0.968
1690952880,+3.53,+20.887, +8.836,+0.968
1690953180,+3.53,+20.895, +8.839,+0.969
1690953480,+3.53,+20.887, +8.832,+0.968
1690953780,+3.54,+20.879, +8.839,+0.968
1690954080,+3.53,+20.895, +8.827,+0.968
1690954380,+3.53,+20.912, +8.827,+0.968
1690954680,+3.53,+20.904, +8.831,+0.968
1690954980,+3.53,+20.904, +8.832,+0.968
1690955280,+3.53,+20.912, +8.824,+0.968
1690955580,+3.53,+20.895, +8.822,+0.968
1690955880,+3.53,+20.904, +8.832,+0.968
1690956180,+3.53,+20.912, +8.814,+0.967
1690956480,+3.53,+20.904, +8.822,+0.968
1690956780,+3.53,+20.937, +8.824,+0.968
1690957080,+3.53,+20.929, +8.818,+0.968
1690957380,+3.53,+20.920, +8.814,+0.968
1690957680,+3.53,+20.920, +8.822,+0.968
1690957980,+3.53,+20.920, +8.822,+0.968
1690958280,+3.53,+20.895, +8.821,+0.968
1690958580,+3.53,+20.937, +8.809,+0.968
1690958880,+3.53,+20.929, +8.815,+0.968
1690959180,+3.53,+20.912, +8.827,+0.968
1690959480,+3.53,+20.937, +8.815,+0.968
1690959780,+3.53,+20.937, +8.821,+0.968
1690960080,+3.53,+20.929, +8.817,+0.968
1690960380,+3.53,+20.954, +8.813,+0.968
1690960680,+3.53,+20.937, +8.816,+0.968
1690960980,+3.53,+20.954, +8.818,+0.968
1690961280,+3.53,+20.954, +8.814,+0.968
1690961580,+3.53,+20.962, +8.808,+0.968
1690961880,+3.53,+20.946, +8.816,+0.968
1690962180,+3.53,+20.937, +8.821,+0.968
1690962480,+3.53,+20.954, +8.811,+0.968
1690962780,+3.53,+20.954, +8.818,+0.968
1690963080,+3.53,+20.962, +8.814,+0.968
1690963380,+3.53,+20.971, +8.805,+0.968
1690963680,+3.53,+20.954, +8.812,+0.968
1690963980,+3.53,+20.954, +8.805,+0.968
1690964280,+3.53,+20.962, +8.804,+0.968
1690964580,+3.53,+20.987, +8.799,+0.968
1690964880,+3.53,+20.962, +8.806,+0.968
1690965180,+3.53,+20.979, +8.797,+0.967
1690965480,+3.53,+20.971, +8.807,+0.968
1690965780,+3.53,+20.979, +8.807,+0.968
1690966080,+3.53,+20.979, +8.798,+0.968
1690966380,+3.53,+20.987, +8.809,+0.968
1690966680,+3.53,+20.962, +8.813,+0.968
1690966980,+3.53,+20.987, +8.805,+0.968
1690967280,+3.53,+20.979, +8.810,+0.968
1690967580,+3.53,+20.996, +8.800,+0.968
1690967880,+3.53,+20.971, +8.811,+0.968
1690968180,+3.53,+20.987, +8.810,+0.968
1690968480,+3.53,+20.987, +8.810,+0.968
1690968780,+3.53,+20.987, +8.808,+0.968
1690969080,+3.53,+20.937, +8.805,+0.967
1690969380,+3.53,+20.728, +8.853,+0.968
1690969680,+3.53,+20.560, +8.884,+0.969
1690969980,+3.53,+20.435, +8.898,+0.968
1690970280,+3.53,+20.301, +8.911,+0.968
