7530-815399
OS REV: 1.05 Sensor Cal: 1620284400
Time (sec),  Bat (Volts),   T (deg C),  PAR (umol/(s m^2))  Ax (g), Ay (g), Az (g)
1690884240, +3.08, +22.191,  -0.00110, -112.000, +1198.000, +860.000
1690884540, +3.52, +20.296,  -0.00938, -109.000, +1198.000, +864.000
1690884840, +3.52, +20.296,  +0.07337, -109.000, +1200.000, +865.000
1690885140, +3.52, +20.279,  +0.03475, -288.000, +752.000, +1276.000
1690885440, +3.52, +20.279,  +0.12302, -292.000, +748.000, +1273.000
1690885740, +3.52, +20.279,  +0.06509, -272.000, +408.000, +1438.000
1690886040, +3.52, +20.220,  +0.00717, -314.000, +455.000, +1344.000
1690886340, +3.52, +20.119,  +0.00717, -296.000, +376.000, +1407.000
1690886640, +3.52, +20.019,  +2.23027, -276.000, +376.000, +1376.000
1690886940, +3.52, +19.918,  +0.03475, -509.000, +463.000, +1388.000
1690887240, +3.52, +19.859,  +0.13681, -256.000, +416.000, +1320.000
1690887540, +3.52, +19.842,  +0.04027, -154.000, +328.000, +1289.000
1690887840, +3.52, +19.792,  +0.03199, -292.000, +310.000, +1369.000
1690888140, +3.52, +19.783,  +0.06785, -256.000, +376.000, +1395.000
1690888440, +3.52, +19.817, +15.92743, -248.000, +376.000, +1376.000
1690888740, +3.51, +19.985,  +4.71264, -240.000, +460.000, +1356.000
1690889040, +3.52, +20.170,  +7.92317, -170.000, +504.000, +1368.000
1690889340, +3.51, +20.321,  +1.27318, -306.000, +504.000, +1384.000
1690889640, +3.51, +20.464,  +1.63174, -272.000, +388.000, +1345.000
1690889940, +3.51, +20.615,  +9.03748, -272.000, +499.000, +1308.000
1690890240, +3.51, +20.816, +259.90568, -316.000, +444.000, +1420.000
1690890540, +3.51, +21.160, +72.40408, -272.000, +401.000, +1411.000
1690890840, +3.51, +21.554, +132.00852, -268.000, +428.000, +1376.000
1690891140, +3.51, +21.998, +22.74843, -153.000, -669.000, +1264.000
1690891440, +3.51, +22.400, +662.30044, +1219.000,  +7.000, +270.000
1690891740, +3.51, +23.604, +121.80047, +1151.000, +20.000, +280.000
1690892040, +3.51, +25.171, +176.36293, +1235.000, +40.000, +179.000
1690892340, +3.51, +26.027, +184.25963, +1240.000, +35.000, +168.000
1690892640, +3.51, +26.466, +184.35065, +1168.000, +24.000, +272.000
1690892940, +3.51, +26.723, +191.99910, +1167.000, +24.000, +272.000
1690893240, +3.51, +26.847, +137.84760, +1240.000, +38.000, +172.000
1690893540, +3.51, +26.871, +214.64658, +1240.000, +38.000, +176.000
1690893840, +3.51, +26.838, +209.42809, +1231.000, +44.000, +192.000
1690894140, +3.51, +26.847, +183.99208, +1232.000, +40.000, +192.000
1690894440, +3.51, +26.805, +254.27622, +1244.000, +32.000, +158.000
1690894740, +3.51, +26.789, +263.96573, +1240.000, +32.000, +163.000
1690895040, +3.51, +26.789, +267.44933, +1246.000, +32.000, +152.000
1690895340, +3.50, +26.789, +249.15427, +1243.000, +33.000, +163.000
1690895640, +3.50, +26.797, +266.89769, +1240.000, +38.000, +172.000
1690895940, +3.50, +26.814, +252.86679, +1244.000, +32.000, +156.000
1690896240, +3.50, +26.847, +268.29609, +1232.000, +44.000, +184.000
1690896540, +3.50, +26.880, +269.68622, +1239.000, +40.000, +177.000
1690896840, +3.50, +26.929, +254.34793, +1235.000, +40.000, +176.000
1690897140, +3.50, +26.962, +269.16216, +1240.000, +38.000, +168.000
1690897440, +3.50, +27.004, +283.72539, +1233.000, +44.000, +184.000
1690897740, +3.50, +27.061, +290.22644, +1231.000, +44.000, +188.000
1690898040, +3.50, +27.103, +244.02404, +1231.000, +44.000, +184.000
1690898340, +3.50, +27.144, +280.05148, +1228.000, +40.000, +195.000
1690898640, +3.50, +27.161, +288.95216, +1203.000, +33.000, +240.000
1690898940, +3.50, +27.194, +252.35652, +1215.000, +38.000, +224.000
1690899240, +3.50, +27.218, +293.21356, +1196.000, +32.000, +248.000
1690899540, +3.50, +27.243, +276.39689, +1193.000, +30.000, +248.000
1690899840, +3.50, +27.251, +298.30517, +1169.000, +24.000, +268.000
1690900140, +3.50, +27.276, +303.68640, +1169.000, +24.000, +268.000
1690900440, +3.50, +27.284, +308.12708, +1200.000, +35.000, +243.000
1690900740, +3.50, +27.301, +275.27430, +1155.000, +19.000, +271.000
1690901040, +3.50, +27.326, +338.20236, +1166.000, +24.000, +270.000
1690901340, +3.50, +27.342, +335.44968, +1148.000, +19.000, +270.000
1690901640, +3.50, +27.350, +283.87985, +1199.000, +32.000, +248.000
1690901940, +3.50, +27.367, +322.57722, +1191.000, +30.000, +252.000
1690902240, +3.50, +27.375, +348.26147, +1176.000, +28.000, +264.000
1690902540, +3.50, +27.375, +330.01054, +1199.000, +33.000, +240.000
1690902840, +3.50, +27.400, +349.62677, +1180.000, +24.000, +260.000
1690903140, +3.50, +27.416, +347.99392, +1183.000, +28.000, +262.000
1690903440, +3.50, +27.433, +365.66563, +1166.000, +24.000, +271.000
1690903740, +3.50, +27.424, +379.84823, +1166.000, +24.000, +270.000
1690904040, +3.50, +27.457, +386.71888, +1240.000, +36.000, +167.000
1690904340, +3.50, +27.482, +380.10474, +1171.000, +24.000, +264.000
1690904640, +3.50, +27.499, +367.38950, +1151.000, +17.000, +271.000
1690904940, +3.50, +27.532, +364.79956, +1155.000, +22.000, +271.000
1690905240, +3.50, +27.548, +386.51753, +1164.000, +24.000, +272.000
1690905540, +3.50, +27.573, +390.20523, +1249.000, +24.000, +148.000
1690905840, +3.50, +27.597, +389.57636, +1148.000, +18.000, +272.000
1690906140, +3.50, +27.622, +382.63952, +1251.000, +31.000, +143.000
1690906440, +3.50, +27.647, +359.24733, +1248.000, +28.000, +152.000
1690906740, +3.50, +27.647, +357.41865, +1246.000, +30.000, +142.000
1690907040, +3.50, +27.696, +358.70397, +1235.000, +39.000, +168.000
1690907340, +3.50, +27.696, +337.09081, +1246.000, +30.000, +152.000
1690907640, +3.50, +27.729, +363.40392, +1238.000, +38.000, +176.000
1690907940, +3.50, +27.754, +383.71521, +1239.000, +35.000, +167.000
1690908240, +3.49, +27.779, +389.31433, +1240.000, +35.000, +168.000
1690908540, +3.49, +27.803, +364.33343, +1244.000, +30.000, +160.000
1690908840, +3.49, +27.828, +341.46805, +1228.000, +44.000, +188.000
1690909140, +3.49, +27.836, +288.32881, +1232.000, +40.000, +184.000
1690909440, +3.49, +27.885, +339.08222, +1238.000, +40.000, +176.000
1690909740, +3.49, +27.910, +347.59399, +1235.000, +40.000, +176.000
1690910040, +3.49, +27.927, +216.98828, +1232.000, +44.000, +184.000
1690910340, +3.49, +27.968, +358.17439, +1223.000, +39.000, +204.000
1690910640, +3.49, +27.992, +362.25375, +1225.000, +40.000, +196.000
1690910940, +3.49, +28.025, +322.08351, +1223.000, +44.000, +199.000
1690911240, +3.49, +28.042, +258.85481, +1214.000, +35.000, +224.000
1690911540, +3.49, +28.042, +339.86003, +1216.000, +39.000, +216.000
1690911840, +3.49, +28.091, +179.63690, +1223.000, +40.000, +204.000
1690912140, +3.49, +28.115, +341.82937, +1192.000, +32.000, +252.000
1690912440, +3.49, +28.140, +338.59678, +1196.000, +32.000, +248.000
1690912740, +3.49, +28.173, +311.61618, +1192.000, +28.000, +254.000
1690913040, +3.49, +28.189, +337.24526, +1167.000, +25.000, +268.000
1690913340, +3.49, +28.206, +177.02490, +1167.000, +24.000, +268.000
1690913640, +3.49, +28.230, +315.62107, +1167.000, +24.000, +270.000
1690913940, +3.49, +28.247, +167.73532, +1159.000, +22.000, +270.000
1690914240, +3.49, +28.247, +292.59848, +1167.000, +24.000, +268.000
1690914540, +3.49, +28.263, +285.95676, +1164.000, +24.000, +271.000
1690914840, +3.49, +28.288, +260.68349, +1144.000, +19.000, +272.000
1690915140, +3.49, +28.304, +253.05159, +1160.000, +22.000, +270.000
1690915440, +3.49, +28.337, +134.71706, -447.000, +1080.000, +958.000
1690915740, +3.49, +28.132, +542.60061, +1200.000, +120.000, +236.000
1690916040, +3.49, +27.836, +40.55805, +80.000, -1364.000, +440.000
1690916340, +3.49, +28.066, +37.83572,  +8.000, -1416.000, +380.000
1690916640, +3.49, +28.484, +35.39472, +51.000, -1360.000, +276.000
1690916940, +3.49, +28.860, +43.24452, -40.000, -1444.000, +336.000
1690917240, +3.49, +29.146, +29.90593, +14.000, -1416.000, +268.000
1690917540, +3.49, +29.771, +21.31141, +96.000, -1408.000, +368.000
1690917840, +3.49, +30.159, +34.60864, +24.000, -1380.000, +342.000
1690918140, +3.49, +30.400, +27.40425, -127.000, -1312.000, +508.000
1690918440, +3.49, +30.561,  +4.16100, +16.000, -1386.000, +343.000
1690918740, +3.49, +30.729,  +1.09390, +16.000, -1389.000, +347.000
1690919040, +3.49, +30.857,  +0.54778,  +3.000, -1056.000, +345.000
1690919340, +3.49, +30.985,  +0.85669, -12.000, -1104.000, +263.000
1690919640, +3.49, +31.089,  +1.85240, -192.000, -1790.000, +371.000
1690919940, +3.49, +31.144,  +1.97376, -60.000, -1294.000, +342.000
1690920240, +3.49, +31.176,  +0.58915,  +6.000, -1408.000, +239.000
1690920540, +3.49, +31.208,  +0.44296,  +6.000, -1424.000, +249.000
1690920840, +3.49, +31.256,  +0.48710,  +8.000, -1408.000, +252.000
1690921140, +3.49, +31.327,  +0.53674,  +6.000, -1408.000, +241.000
1690921440, +3.49, +31.415,  +0.55329,  +0.000, -1408.000, +248.000
1690921740, +3.49, +31.510,  +0.47606,  +0.000, -1408.000, +248.000
1690922040, +3.49, +31.597,  +0.43745,  +0.000, -1416.000, +252.000
1690922340, +3.49, +31.692,  +0.50916,  +0.000, -1408.000, +252.000
1690922640, +3.49, +31.771,  +0.29126,  +2.000, -1416.000, +252.000
1690922940, +3.49, +31.834,  +0.46779,  +0.000, -1416.000, +252.000
1690923240, +3.49, +31.889,  +0.58639,  +0.000, -1408.000, +257.000
1690923540, +3.49, +31.936,  +0.57260,  +0.000, -1408.000, +256.000
1690923840, +3.49, +31.967,  +0.60018,  +3.000, -1421.000, +262.000
1690924140, +3.49, +31.952,  +0.44848, -16.000, -1696.000, -40.000
1690924440, +3.49, +31.857,  +0.20024, +12.000, -1416.000, +288.000
1690924740, +3.50, +31.707,  +0.37125, +56.000, -1240.000, +176.000
1690925040, +3.49, +31.526,  +0.47882, +48.000, -1396.000, +168.000
1690925340, +3.49, +31.327,  +0.61397, -72.000, -1388.000, +240.000
1690925640, +3.50, +31.112,  +0.75740, +64.000, -1344.000, +142.000
1690925940, +3.50, +30.929,  +0.32436, -36.000, -1404.000, +248.000
1690926240, +3.50, +30.609,  +3.51007,  +3.000, -1401.000, +175.000
1690926540, +3.50, +30.255,  +3.34458, -42.000, -1384.000, +300.000
1690926840, +3.50, +29.989,  +3.06600, -42.000, -1384.000, +300.000
1690927140, +3.50, +29.730,  +0.07061, +35.000, -1408.000, +182.000
1690927440, +3.50, +28.811,  +0.03475, -106.000, -537.000, +1351.000
1690927740, +3.50, +27.161,  +0.05958, -172.000, -1264.000, +753.000
1690928040, +3.50, +26.176,  +0.04854, -160.000, -1264.000, +736.000
1690928340, +3.50, +25.720,  -0.12798, -188.000, -1244.000, +814.000
1690928640, +3.50, +25.404,  +0.01820, -189.000, -1240.000, +809.000
1690928940, +3.50, +25.138,  -0.02317, -180.000, -1264.000, +787.000
1690929240, +3.49, +24.863,  -0.16935, -160.000, -1264.000, +736.000
1690929540, +3.50, +24.588,  -0.06730, -189.000, -1236.000, +807.000
1690929840, +3.49, +24.330,  -0.07833, -186.000, -1261.000, +803.000
1690930140, +3.49, +24.121,  -0.08661, -160.000, -1264.000, +736.000
1690930440, +3.49, +23.929,  -0.04248, -160.000, -1264.000, +732.000
1690930740, +3.49, +23.737,  -0.11143, -188.000, -1236.000, +808.000
1690931040, +3.49, +23.545,  -0.11419, -189.000, -1240.000, +812.000
1690931340, +3.49, +23.362,  -0.07006, -185.000, -1264.000, +785.000
1690931640, +3.49, +23.245,  -0.07282, -160.000, -1264.000, +729.000
1690931940, +3.49, +23.119,  +0.11750, -168.000, -1264.000, +737.000
1690932240, +3.49, +23.019,  +0.04303, -189.000, -1236.000, +807.000
1690932540, +3.49, +22.894,  +0.10095, -191.000, -1240.000, +807.000
1690932840, +3.49, +22.751,  -0.10591, -188.000, -1256.000, +808.000
1690933140, +3.49, +22.685,  +0.03475, -185.000, -1261.000, +804.000
1690933440, +3.49, +22.601,  -0.04799, -180.000, -1264.000, +771.000
1690933740, +3.49, +22.526,  -0.07833, -176.000, -1264.000, +752.000
1690934040, +3.49, +22.450,  +0.07613, -168.000, -1264.000, +736.000
1690934340, +3.49, +22.350,  -0.12246, -160.000, -1268.000, +728.000
1690934640, +3.49, +22.275,  -0.01214, -164.000, -1266.000, +732.000
1690934940, +3.49, +22.216,  -0.01765, -144.000, -1264.000, +704.000
1690935240, +3.49, +22.149,  -0.04248, -152.000, -1268.000, +712.000
1690935540, +3.49, +22.074,  +0.00993, -192.000, -1247.000, +809.000
1690935840, +3.49, +21.990,  +0.06234, -192.000, -1240.000, +807.000
1690936140, +3.49, +21.931,  +0.00717, -189.000, -1248.000, +812.000
1690936440, +3.49, +21.889,  +0.02648, -188.000, -1256.000, +808.000
1690936740, +3.49, +21.839,  +0.00717, -180.000, -1264.000, +771.000
1690937040, +3.49, +21.789,  +0.05130, -188.000, -1262.000, +803.000
1690937340, +3.49, +21.713,  -0.02317, -180.000, -1264.000, +774.000
1690937640, +3.49, +21.697,  +0.16163, -176.000, -1264.000, +755.000
1690937940, +3.48, +21.638,  -0.01765, -170.000, -1264.000, +739.000
1690938240, +3.48, +21.596,  -0.02317, -172.000, -1264.000, +739.000
1690938540, +3.48, +21.563,  -0.00938, -176.000, -1264.000, +750.000
1690938840, +3.48, +21.521,  +0.04854, -168.000, -1266.000, +732.000
1690939140, +3.48, +21.487,  -0.08385, -164.000, -1264.000, +732.000
1690939440, +3.48, +21.420,  -0.07006, -164.000, -1266.000, +729.000
1690939740, +3.48, +21.370,  +0.05682, -154.000, -1266.000, +716.000
1690940040, +3.48, +21.353,  -0.01489, -152.000, -1268.000, +712.000
1690940340, +3.48, +21.336,  +0.01820, -192.000, -1236.000, +808.000
1690940640, +3.48, +21.303,  -0.01489, -192.000, -1241.000, +808.000
1690940940, +3.48, +21.269,  +0.05682, -152.000, -1264.000, +711.000
1690941240, +3.48, +21.219,  +0.02924, -192.000, -1232.000, +806.000
1690941540, +3.48, +21.202,  +0.10922, -189.000, -1248.000, +812.000
1690941840, +3.48, +21.177,  +0.11750, -192.000, -1256.000, +808.000
1690942140, +3.48, +21.152,  -0.08385, -192.000, -1248.000, +814.000
1690942440, +3.48, +21.135,  +0.03199, -185.000, -1264.000, +792.000
1690942740, +3.48, +21.102,  +0.01545, -186.000, -1264.000, +800.000
1690943040, +3.48, +21.076,  +0.05130, -175.000, -1264.000, +750.000
1690943340, +3.48, +21.051,  +0.15611, -186.000, -1256.000, +808.000
1690943640, +3.48, +21.043,  -0.15280, -188.000, -1261.000, +800.000
1690943940, +3.48, +21.018,  +0.11474, -188.000, -1264.000, +803.000
1690944240, +3.48, +21.001,  +0.08992, -185.000, -1261.000, +800.000
1690944540, +3.48, +20.976,  +0.11198, -180.000, -1264.000, +764.000
1690944840, +3.48, +20.967,  -0.06454, -185.000, -1264.000, +784.000
1690945140, +3.48, +20.959,  -0.00938, -178.000, -1264.000, +764.000
1690945440, +3.48, +20.917,  -0.03696, -176.000, -1264.000, +752.000
1690945740, +3.48, +20.942,  -0.00110, -173.000, -1264.000, +739.000
1690946040, +3.47, +20.917,  +0.10647, -178.000, -1264.000, +755.000
1690946340, +3.47, +20.925,  -0.10316, -180.000, -1266.000, +776.000
1690946640, +3.47, +20.892,  +0.25541, -168.000, -1264.000, +739.000
1690946940, +3.47, +20.900,  +0.06785, -184.000, -1266.000, +783.000
1690947240, +3.47, +20.900,  +0.04854, -188.000, -1264.000, +799.000
1690947540, +3.47, +20.875,  +0.01545, -168.000, -1264.000, +736.000
1690947840, +3.47, +20.883,  -0.00386, -178.000, -1264.000, +752.000
1690948140, +3.47, +20.892,  +0.05406, -175.000, -1264.000, +744.000
1690948440, +3.47, +20.883,  -0.11695, -185.000, -1264.000, +792.000
1690948740, +3.47, +20.892,  -0.09764, -184.000, -1264.000, +777.000
1690949040, +3.47, +20.883,  +0.17266, -180.000, -1264.000, +768.000
1690949340, +3.47, +20.883,  +0.06785, -180.000, -1264.000, +775.000
1690949640, +3.47, +20.892,  -0.03696, -180.000, -1268.000, +780.000
1690949940, +3.47, +20.875,  +0.04854, -184.000, -1264.000, +782.000
1690950240, +3.47, +20.875,  -0.00662, -184.000, -1264.000, +783.000
1690950540, +3.47, +20.875,  -0.07006, -185.000, -1264.000, +796.000
1690950840, +3.47, +20.892,  -0.00662, -185.000, -1264.000, +796.000
1690951140, +3.47, +20.892,  +0.03751, -184.000, -1264.000, +774.000
1690951440, +3.47, +20.892,  +0.09819, -186.000, -1264.000, +798.000
1690951740, +3.47, +20.892,  +0.04027, -184.000, -1264.000, +782.000
1690952040, +3.47, +20.883,  +0.07061, -184.000, -1264.000, +768.000
1690952340, +3.47, +20.892,  +0.07061, -180.000, -1264.000, +764.000
1690952640, +3.47, +20.883,  -0.08385, -184.000, -1264.000, +787.000
1690952940, +3.47, +20.892,  -0.04799, -180.000, -1264.000, +768.000
1690953240, +3.47, +20.909,  +0.02924, -180.000, -1264.000, +771.000
1690953540, +3.47, +20.900,  -0.01765, -184.000, -1264.000, +792.000
1690953840, +3.47, +20.900,  +0.05130, -176.000, -1264.000, +752.000
1690954140, +3.47, +20.892,  -0.08937, -176.000, -1264.000, +760.000
1690954440, +3.47, +20.909,  -0.18866, -176.000, -1264.000, +752.000
1690954740, +3.47, +20.909,  -0.07833, -180.000, -1264.000, +774.000
1690955040, +3.47, +20.925,  -0.00938, -176.000, -1264.000, +752.000
1690955340, +3.47, +20.900,  +0.00717, -185.000, -1264.000, +793.000
1690955640, +3.47, +20.917,  -0.05351, -178.000, -1264.000, +764.000
1690955940, +3.47, +20.917,  +0.04027, -184.000, -1264.000, +785.000
1690956240, +3.47, +20.917,  +0.04303, -184.000, -1264.000, +796.000
1690956540, +3.47, +20.909,  +0.02372, -178.000, -1264.000, +760.000
1690956840, +3.47, +20.925,  +0.06509, -180.000, -1264.000, +777.000
1690957140, +3.47, +20.942,  -0.06730, -184.000, -1264.000, +780.000
1690957440, +3.47, +20.934,  -0.00938, -180.000, -1264.000, +774.000
1690957740, +3.47, +20.934,  +0.02372, -186.000, -1263.000, +796.000
1690958040, +3.47, +20.925,  -0.07282, -184.000, -1264.000, +780.000
1690958340, +3.47, +20.925,  +0.07613, -184.000, -1264.000, +792.000
1690958640, +3.47, +20.917,  +0.00717, -184.000, -1268.000, +776.000
1690958940, +3.47, +20.934,  -0.00938, -185.000, -1268.000, +790.000
1690959240, +3.47, +20.925,  +0.04579, -186.000, -1264.000, +787.000
1690959540, +3.47, +20.934,  -0.01489, -184.000, -1264.000, +790.000
1690959840, +3.46, +20.951,  +0.02372, -184.000, -1264.000, +780.000
1690960140, +3.46, +20.951,  +0.05406, -184.000, -1264.000, +775.000
1690960440, +3.46, +20.959,  +0.07888, -176.000, -1264.000, +760.000
1690960740, +3.46, +20.942,  +0.00165, -189.000, -1264.000, +800.000
1690961040, +3.46, +20.959,  -0.00386, -188.000, -1264.000, +798.000
1690961340, +3.46, +20.967,  -0.15280, -188.000, -1261.000, +800.000
1690961640, +3.46, +20.967,  -0.14729, -184.000, -1264.000, +792.000
1690961940, +3.46, +20.967,  -0.03144, -185.000, -1264.000, +790.000
1690962240, +3.46, +20.967,  +0.04854, -185.000, -1264.000, +790.000
1690962540, +3.46, +20.984,  +0.09543, -184.000, -1264.000, +785.000
1690962840, +3.46, +20.967,  -0.06178, -188.000, -1264.000, +798.000
1690963140, +3.46, +20.976,  +0.14508, -188.000, -1261.000, +806.000
1690963440, +3.46, +20.976,  -0.00662, -184.000, -1264.000, +792.000
1690963740, +3.46, +20.951,  +0.02924, -184.000, -1268.000, +782.000
1690964040, +3.46, +20.984,  -0.09764, -189.000, -1256.000, +807.000
1690964340, +3.46, +20.984,  +0.01820, -189.000, -1261.000, +803.000
1690964640, +3.46, +20.976,  -0.03972, -184.000, -1264.000, +796.000
1690964940, +3.46, +20.976,  +0.04579, -191.000, -1260.000, +806.000
1690965240, +3.46, +20.984,  -0.09764, -189.000, -1256.000, +808.000
1690965540, +3.46, +20.976,  +0.08440, -184.000, -1264.000, +787.000
1690965840, +3.46, +20.993,  +0.03199, -186.000, -1264.000, +799.000
1690966140, +3.46, +20.984,  +0.02648, -186.000, -1264.000, +799.000
1690966440, +3.46, +20.976,  -0.08385, -186.000, -1264.000, +793.000
1690966740, +3.46, +20.984,  -0.11143, -189.000, -1260.000, +807.000
1690967040, +3.46, +20.993,  -0.13350, -184.000, -1264.000, +799.000
1690967340, +3.46, +20.993,  -0.04799, -186.000, -1264.000, +796.000
1690967640, +3.46, +21.009,  -0.13625, -189.000, -1260.000, +803.000
1690967940, +3.46, +20.993,  +0.08992, -188.000, -1256.000, +803.000
1690968240, +3.46, +20.993,  -0.09212, -186.000, -1264.000, +792.000
1690968540, +3.46, +20.993,  -0.21073, -185.000, -1264.000, +787.000
1690968840, +3.46, +20.993,  -0.08385, -212.000, -1292.000, +742.000
1690969140, +3.46, +20.976,  -0.03420, -63.000, -1328.000, +600.000
1690969440, +3.46, +20.934,  +0.04027, -72.000, -1309.000, +688.000
1690969740, +3.46, +20.867,  -0.01489, -89.000, -1352.000, +600.000
1690970040, +3.46, +20.766,  -0.02869, -72.000, -1352.000, +551.000
1690970340, +3.46, +20.632,  +0.12026, -77.000, -1352.000, +560.000
1690970640, +3.46, +20.489,  -0.07006, -56.000, -1343.000, +524.000
