7450-269898
OS REV: 1.05 Sensor Cal: 1678994772
Time (sec),  BV (Volts),  T (deg C),  DO (mg/l),  Q ()
1692181320,+3.53,+21.476, +8.552,+0.966
1692181620,+3.53,+21.467, +8.548,+0.966
1692181920,+3.53,+21.426, +8.545,+0.965
1692182220,+3.53,+21.375, +8.566,+0.966
1692182520,+3.53,+21.417, +8.558,+0.965
1692182820,+3.53,+21.451, +8.548,+0.965
1692183120,+3.53,+21.509, +8.561,+0.966
1692183420,+3.53,+21.609, +8.545,+0.966
1692183720,+3.53,+21.668, +8.533,+0.965
1692184020,+3.53,+21.768, +8.517,+0.965
1692184320,+3.53,+21.835, +8.513,+0.966
1692184620,+3.53,+21.969, +8.492,+0.966
1692184920,+3.53,+22.153, +8.451,+0.965
1692185220,+3.53,+22.353, +8.429,+0.966
1692185520,+3.53,+22.445, +8.427,+0.966
1692185820,+3.53,+22.529, +8.400,+0.965
1692186120,+3.53,+22.763, +8.359,+0.965
1692186420,+3.53,+23.073, +8.309,+0.965
1692186720,+3.53,+23.441, +8.256,+0.966
1692187020,+3.53,+23.692, +8.232,+0.966
1692187320,+3.53,+24.002, +8.187,+0.966
1692187620,+3.53,+24.388, +8.122,+0.966
1692187920,+3.53,+24.699, +8.079,+0.966
1692188220,+3.53,+24.984, +8.043,+0.967
1692188520,+3.52,+26.079, +7.894,+0.967
1692188820,+3.52,+27.154, +7.743,+0.968
1692189120,+3.52,+27.604, +7.689,+0.968
1692189420,+3.52,+27.919, +7.646,+0.968
1692189720,+3.52,+27.971, +7.642,+0.967
1692190020,+3.52,+27.971, +7.644,+0.967
1692190320,+3.52,+28.013, +7.978,+0.719
1692190620,+3.52,+27.536, +7.696,+0.967
1692190920,+3.53,+26.832, +7.813,+0.968
1692191220,+3.52,+26.240, +7.898,+0.969
1692191520,+3.52,+25.919, +7.921,+0.968
1692191820,+3.52,+25.894, +6.014,+0.967
1692192120,+3.53,+26.646, +3.318,+0.748
1692192420,+3.53,+26.781, +3.249,+0.943
1692192720,+3.52,+26.866, +3.249,+0.941
1692193020,+3.52,+26.934, +3.339,+0.941
1692193320,+3.52,+26.993, +3.549,+0.941
1692193620,+3.52,+27.061, +3.445,+0.941
1692193920,+3.52,+27.137, +3.422,+0.941
1692194220,+3.52,+27.188, +3.463,+0.941
1692194520,+3.52,+27.273, +3.469,+0.941
1692194820,+3.52,+27.341, +3.518,+0.941
1692195120,+3.52,+27.426, +3.515,+0.941
1692195420,+3.52,+27.477, +3.511,+0.941
1692195720,+3.52,+27.536, +3.560,+0.941
1692196020,+3.52,+27.553, +3.557,+0.941
1692196320,+3.52,+27.587, +3.580,+0.941
1692196620,+3.52,+27.596, +3.583,+0.941
1692196920,+3.52,+27.647, +3.585,+0.967
1692197220,+3.52,+27.672, +3.591,+0.967
1692197520,+3.52,+27.698, +3.599,+0.967
1692197820,+3.52,+27.724, +3.601,+0.968
1692198120,+3.53,+27.766, +3.608,+0.967
1692198420,+3.52,+27.775, +3.624,+0.967
1692198720,+3.52,+27.809, +3.644,+0.967
1692199020,+3.52,+27.868, +3.665,+0.968
1692199320,+3.52,+27.902, +3.680,+0.967
1692199620,+3.52,+27.945, +3.692,+0.967
1692199920,+3.52,+27.979, +3.708,+0.967
1692200220,+3.52,+27.971, +3.736,+0.967
1692200520,+3.52,+28.013, +3.760,+0.967
1692200820,+3.52,+28.013, +3.770,+0.967
1692201120,+3.52,+28.030, +3.794,+0.967
1692201420,+3.52,+28.056, +3.825,+0.967
1692201720,+3.52,+28.098, +3.842,+0.967
1692202020,+3.52,+28.150, +3.850,+0.967
1692202320,+3.52,+28.201, +3.881,+0.967
1692202620,+3.52,+28.235, +3.899,+0.967
1692202920,+3.52,+28.303, +3.905,+0.967
1692203220,+3.52,+28.329, +3.929,+0.967
1692203520,+3.52,+28.363, +4.111,+0.968
1692203820,+3.52,+28.355, +7.297,+0.967
1692204120,+3.52,+29.813, +7.214,+0.968
1692204420,+3.52,+30.418, +7.144,+0.972
1692204720,+3.52,+30.782, +7.114,+0.972
1692205020,+3.52,+31.287, +7.045,+0.964
1692205320,+3.52,+31.688, +7.001,+0.964
1692205620,+3.52,+32.021, +6.938,+0.962
1692205920,+3.52,+32.222, +6.935,+0.963
1692206220,+3.52,+32.398, +6.911,+0.963
1692206520,+3.52,+32.407, +6.922,+0.958
1692206820,+3.52,+32.372, +6.913,+0.958
1692207120,+3.52,+32.319, +6.917,+0.965
1692207420,+3.52,+32.328, +6.913,+0.965
1692207720,+3.52,+32.512, +6.893,+0.965
1692208020,+3.52,+32.776, +6.843,+0.963
1692208320,+3.51,+33.050, +6.816,+0.963
1692208620,+3.52,+33.475, +6.759,+0.962
1692208920,+3.52,+33.981, +6.684,+0.961
1692209220,+3.52,+34.382, +6.622,+0.959
1692209520,+3.52,+34.811, +6.561,+0.958
1692209820,+3.51,+35.188, +6.492,+0.956
1692210120,+3.52,+35.737, +6.412,+0.955
1692210420,+3.52,+36.144, +6.346,+0.953
1692210720,+3.51,+36.479, +6.290,+0.951
1692211020,+3.51,+36.479, +6.306,+0.951
1692211320,+3.51,+36.488, +6.321,+0.951
1692211620,+3.51,+36.488, +6.341,+0.952
1692211920,+3.51,+36.497, +6.354,+0.952
1692212220,+3.51,+36.488, +6.355,+0.951
1692212520,+3.51,+36.488, +6.363,+0.951
1692212820,+3.51,+36.497, +6.354,+0.951
1692213120,+3.52,+36.488, +6.265,+0.952
1692213420,+3.52,+36.470, +6.229,+0.954
1692213720,+3.52,+36.017, +6.303,+0.956
1692214020,+3.53,+35.548, +6.378,+0.959
1692214320,+3.52,+35.116, +6.455,+0.962
1692214620,+3.53,+34.775, +6.504,+0.964
1692214920,+3.52,+34.918, +6.471,+0.963
1692215220,+3.52,+35.188, +6.471,+0.962
1692215520,+3.53,+35.448, +6.432,+0.961
1692215820,+3.53,+35.782, +6.383,+0.960
1692216120,+3.52,+36.044, +6.338,+0.959
1692216420,+3.52,+36.361, +6.279,+0.956
1692216720,+3.52,+36.479, +6.262,+0.956
1692217020,+3.52,+36.443, +6.260,+0.956
1692217320,+3.52,+36.298, +6.274,+0.956
1692217620,+3.52,+36.262, +6.282,+0.956
1692217920,+3.52,+36.216, +6.279,+0.956
1692218220,+3.53,+35.954, +6.312,+0.957
1692218520,+3.53,+33.421, +6.371,+0.959
1692218820,+3.53,+31.933, +6.713,+0.953
1692219120,+3.53,+30.930, +6.781,+0.954
1692219420,+3.53,+30.185, +6.853,+0.955
1692219720,+3.53,+29.581, +6.877,+0.956
1692220020,+3.54,+29.031, +6.908,+0.956
1692220320,+3.53,+28.508, +6.929,+0.956
1692220620,+3.54,+28.039, +6.959,+0.956
1692220920,+3.54,+27.647, +6.982,+0.956
1692221220,+3.54,+27.281, +7.007,+0.957
1692221520,+3.54,+26.993, +7.016,+0.956
1692221820,+3.54,+26.722, +7.025,+0.956
1692222120,+3.54,+26.460, +7.032,+0.956
1692222420,+3.54,+26.214, +7.040,+0.955
1692222720,+3.54,+25.986, +7.061,+0.956
1692223020,+3.54,+25.809, +7.079,+0.956
1692223320,+3.54,+25.641, +7.093,+0.956
1692223620,+3.54,+25.481, +7.081,+0.956
1692223920,+3.54,+25.329, +7.078,+0.956
1692224220,+3.54,+25.119, +7.092,+0.956
1692224520,+3.54,+24.959, +7.096,+0.955
1692224820,+3.54,+24.808, +7.110,+0.955
1692225120,+3.54,+24.673, +7.111,+0.956
1692225420,+3.54,+24.514, +7.113,+0.955
1692225720,+3.54,+24.380, +7.120,+0.955
1692226020,+3.54,+24.262, +7.135,+0.955
1692226320,+3.54,+24.161, +7.134,+0.955
1692226620,+3.54,+24.027, +7.151,+0.955
1692226920,+3.54,+23.935, +7.149,+0.955
1692227220,+3.54,+23.826, +7.150,+0.955
1692227520,+3.54,+23.726, +7.147,+0.954
1692227820,+3.54,+23.617, +7.161,+0.954
1692228120,+3.54,+23.541, +7.161,+0.954
1692228420,+3.54,+23.441, +7.167,+0.954
1692228720,+3.54,+23.349, +7.162,+0.954
1692229020,+3.54,+23.248, +7.163,+0.954
1692229320,+3.54,+23.181, +7.168,+0.954
1692229620,+3.54,+23.098, +7.181,+0.954
1692229920,+3.54,+23.039, +7.192,+0.954
1692230220,+3.54,+22.964, +7.211,+0.954
1692230520,+3.54,+22.897, +7.203,+0.955
1692230820,+3.54,+22.813, +7.224,+0.954
1692231120,+3.54,+22.780, +7.250,+0.954
1692231420,+3.54,+22.721, +7.278,+0.955
1692231720,+3.54,+22.629, +7.315,+0.955
1692232020,+3.54,+22.613, +7.321,+0.955
1692232320,+3.54,+22.579, +7.338,+0.956
1692232620,+3.54,+22.554, +7.331,+0.955
1692232920,+3.54,+22.504, +7.329,+0.955
1692233220,+3.54,+22.437, +7.336,+0.956
1692233520,+3.54,+22.395, +7.322,+0.955
1692233820,+3.54,+22.362, +7.320,+0.954
1692234120,+3.54,+22.345, +7.333,+0.955
1692234420,+3.54,+22.328, +7.340,+0.955
1692234720,+3.54,+22.287, +7.337,+0.954
1692235020,+3.54,+22.261, +7.322,+0.955
1692235320,+3.54,+22.211, +7.320,+0.955
1692235620,+3.54,+22.186, +7.330,+0.955
1692235920,+3.54,+22.169, +7.346,+0.955
1692236220,+3.54,+22.161, +7.344,+0.955
1692236520,+3.54,+22.144, +7.347,+0.955
1692236820,+3.54,+22.119, +7.307,+0.954
1692237120,+3.54,+22.061, +7.301,+0.955
1692237420,+3.54,+22.027, +7.303,+0.954
1692237720,+3.54,+21.994, +7.337,+0.955
1692238020,+3.54,+22.011, +7.350,+0.955
1692238320,+3.54,+21.986, +7.353,+0.955
1692238620,+3.54,+21.977, +7.341,+0.955
1692238920,+3.54,+21.969, +7.312,+0.955
1692239220,+3.54,+21.919, +7.301,+0.955
1692239520,+3.54,+21.902, +7.320,+0.954
1692239820,+3.54,+21.885, +7.355,+0.955
1692240120,+3.54,+21.877, +7.374,+0.955
1692240420,+3.54,+21.894, +7.368,+0.955
1692240720,+3.54,+21.885, +7.374,+0.955
1692241020,+3.54,+21.877, +7.340,+0.955
1692241320,+3.54,+21.827, +7.299,+0.954
1692241620,+3.54,+21.810, +7.260,+0.954
1692241920,+3.54,+21.785, +7.268,+0.954
1692242220,+3.54,+21.793, +7.309,+0.955
1692242520,+3.54,+21.793, +7.351,+0.955
1692242820,+3.54,+21.793, +7.364,+0.955
1692243120,+3.54,+21.793, +7.374,+0.955
1692243420,+3.54,+21.785, +7.387,+0.955
1692243720,+3.54,+21.793, +7.385,+0.955
1692244020,+3.54,+21.777, +7.357,+0.955
1692244320,+3.54,+21.735, +7.326,+0.955
1692244620,+3.54,+21.718, +7.292,+0.954
1692244920,+3.54,+21.710, +7.275,+0.955
1692245220,+3.54,+21.693, +7.280,+0.955
1692245520,+3.54,+21.701, +7.296,+0.955
1692245820,+3.54,+21.701, +7.334,+0.955
1692246120,+3.54,+21.685, +7.343,+0.955
1692246420,+3.54,+21.651, +7.297,+0.955
1692246720,+3.54,+21.626, +7.256,+0.955
1692247020,+3.54,+21.584, +7.214,+0.954
1692247320,+3.54,+21.551, +7.170,+0.953
1692247620,+3.54,+21.492, +7.116,+0.953
1692247920,+3.54,+21.451, +7.070,+0.953
1692248220,+3.54,+21.434, +7.033,+0.952
1692248520,+3.54,+21.392, +7.010,+0.951
1692248820,+3.54,+21.342, +6.989,+0.951
1692249120,+3.54,+21.300, +6.991,+0.951
1692249420,+3.54,+21.292, +6.994,+0.951
1692249720,+3.54,+21.275, +6.997,+0.951
1692250020,+3.54,+21.275, +7.005,+0.951
1692250320,+3.54,+21.233, +7.014,+0.952
1692250620,+3.54,+21.200, +7.013,+0.951
1692250920,+3.54,+21.166, +7.007,+0.951
1692251220,+3.54,+21.133, +7.020,+0.951
1692251520,+3.54,+21.116, +7.035,+0.952
1692251820,+3.53,+21.100, +7.039,+0.951
1692252120,+3.53,+21.091, +7.033,+0.952
1692252420,+3.53,+21.083, +6.986,+0.951
1692252720,+3.53,+21.041, +6.951,+0.950
1692253020,+3.53,+21.016, +6.943,+0.950
1692253320,+3.53,+21.008, +6.975,+0.951
1692253620,+3.53,+21.016, +7.034,+0.952
1692253920,+3.53,+20.999, +7.055,+0.952
1692254220,+3.53,+20.966, +7.044,+0.952
1692254520,+3.53,+20.932, +6.998,+0.951
1692254820,+3.53,+20.907, +6.970,+0.951
1692255120,+3.53,+20.907, +6.980,+0.951
1692255420,+3.53,+20.890, +7.032,+0.952
1692255720,+3.53,+20.890, +7.044,+0.952
1692256020,+3.53,+20.874, +7.008,+0.951
1692256320,+3.53,+20.824, +6.997,+0.951
1692256620,+3.53,+20.832, +6.995,+0.951
1692256920,+3.53,+20.832, +7.023,+0.952
1692257220,+3.53,+20.824, +7.057,+0.952
1692257520,+3.53,+20.807, +7.056,+0.952
1692257820,+3.53,+20.790, +7.029,+0.952
1692258120,+3.53,+20.782, +7.031,+0.952
1692258420,+3.53,+20.773, +7.037,+0.952
1692258720,+3.53,+20.790, +7.064,+0.953
1692259020,+3.53,+20.782, +7.067,+0.953
1692259320,+3.53,+20.773, +7.034,+0.952
1692259620,+3.53,+20.740, +7.021,+0.952
1692259920,+3.53,+20.740, +7.041,+0.952
1692260220,+3.53,+20.732, +7.087,+0.953
1692260520,+3.53,+20.732, +7.154,+0.953
1692260820,+3.53,+20.740, +7.189,+0.954
1692261120,+3.53,+20.715, +7.187,+0.954
1692261420,+3.53,+20.723, +7.142,+0.953
1692261720,+3.53,+20.715, +7.141,+0.953
1692262020,+3.53,+20.698, +7.184,+0.954
1692262320,+3.53,+20.715, +7.229,+0.955
1692262620,+3.53,+20.706, +7.212,+0.954
1692262920,+3.53,+20.698, +7.184,+0.954
1692263220,+3.53,+20.681, +7.175,+0.954
1692263520,+3.53,+20.673, +7.205,+0.954
1692263820,+3.53,+20.673, +7.260,+0.955
1692264120,+3.53,+20.665, +7.284,+0.955
1692264420,+3.53,+20.681, +7.267,+0.956
1692264720,+3.53,+20.648, +7.237,+0.955
1692265020,+3.53,+20.656, +7.228,+0.955
1692265320,+3.53,+20.640, +7.265,+0.955
1692265620,+3.53,+20.656, +7.311,+0.956
1692265920,+3.53,+20.665, +7.331,+0.956
1692266220,+3.53,+20.665, +7.304,+0.956
1692266520,+3.53,+20.648, +7.259,+0.955
1692266820,+3.53,+20.631, +7.245,+0.955
1692267120,+3.53,+20.631, +7.259,+0.955
1692267420,+3.53,+20.656, +7.288,+0.956
1692267720,+3.53,+20.665, +7.280,+0.956
