7450-566774
OS REV: 1.05 Sensor Cal: 1679419749
Time (sec),  BV (Volts),  T (deg C),  DO (mg/l),  Q ()
1690970700,+3.47,+19.697, +8.756,+0.907
1690971000,+3.48,+19.462, +8.786,+0.907
1690971300,+3.48,+19.286, +8.817,+0.908
1690971600,+3.48,+19.160, +8.828,+0.907
1690971900,+3.48,+19.093, +8.842,+0.907
1690972200,+3.48,+19.067, +8.866,+0.908
1690972500,+3.48,+19.084, +8.886,+0.908
1690972800,+3.48,+19.109, +8.845,+0.908
1690973100,+3.48,+19.143, +8.837,+0.908
1690973400,+3.48,+19.151, +8.835,+0.908
1690973700,+3.48,+19.177, +8.851,+0.907
1690974000,+3.48,+19.202, +8.829,+0.907
1690974300,+3.48,+19.244, +8.835,+0.907
1690974600,+3.48,+19.286, +8.831,+0.907
1690974900,+3.48,+19.344, +8.841,+0.908
1690975200,+3.48,+19.395, +8.821,+0.908
1690975500,+3.48,+19.479, +8.814,+0.907
1690975800,+3.47,+19.571, +8.820,+0.908
1690976100,+3.47,+19.881, +8.765,+0.907
1690976400,+3.48,+20.099, +8.753,+0.908
1690976700,+3.47,+20.668, +8.670,+0.907
1690977000,+3.47,+21.204, +8.592,+0.908
1690977300,+3.47,+21.647, +8.507,+0.906
1690977600,+3.47,+21.781, +8.462,+0.906
1690977900,+3.47,+21.815, +8.458,+0.905
1690978200,+3.47,+21.907, +8.459,+0.907
1690978500,+3.47,+22.643, +8.374,+0.906
1690978800,+3.47,+22.861, +8.321,+0.906
1690979100,+3.47,+22.986, +8.291,+0.906
1690979400,+3.47,+23.397, +8.249,+0.906
1690979700,+3.47,+24.244, +8.137,+0.906
1690980000,+3.47,+25.743, +7.968,+0.906
1690980300,+3.46,+27.437, +7.748,+0.905
1690980600,+3.46,+28.392, +7.604,+0.905
1690980900,+3.46,+28.597, +7.562,+0.906
1690981200,+3.46,+28.614, +7.525,+0.905
1690981500,+3.47,+28.187, +7.557,+0.905
1690981800,+3.47,+27.905, +7.599,+0.906
1690982100,+3.47,+28.059, +7.564,+0.905
1690982400,+3.47,+28.247, +7.534,+0.905
1690982700,+3.46,+28.332, +7.519,+0.905
1690983000,+3.46,+28.597, +7.456,+0.904
1690983300,+3.47,+28.760, +7.458,+0.905
1690983600,+3.47,+28.992, +7.428,+0.905
1690983900,+3.47,+29.086, +7.403,+0.904
1690984200,+3.47,+28.863, +7.431,+0.904
1690984500,+3.47,+28.692, +7.462,+0.905
1690984800,+3.47,+29.266, +7.380,+0.904
1690985100,+3.47,+29.473, +7.344,+0.904
1690985400,+3.47,+29.344, +7.360,+0.904
1690985700,+3.47,+29.095, +7.403,+0.905
1690986000,+3.47,+29.387, +7.365,+0.904
1690986300,+3.47,+29.731, +7.313,+0.904
1690986600,+3.47,+29.748, +7.305,+0.904
1690986900,+3.46,+29.550, +7.333,+0.904
1690987200,+3.47,+29.283, +7.369,+0.905
1690987500,+3.47,+29.034, +7.392,+0.904
1690987800,+3.47,+28.803, +7.423,+0.905
1690988100,+3.47,+28.623, +7.442,+0.904
1690988400,+3.47,+28.495, +7.451,+0.904
1690988700,+3.47,+28.366, +7.477,+0.906
1690989000,+3.47,+28.247, +7.489,+0.905
1690989300,+3.47,+28.170, +7.493,+0.905
1690989600,+3.47,+28.110, +7.512,+0.905
1690989900,+3.47,+28.332, +7.497,+0.905
1690990200,+3.47,+28.923, +7.454,+0.905
1690990500,+3.47,+28.144, +8.457,+0.906
1690990800,+3.47,+28.144, +8.672,+0.907
1690991100,+3.47,+28.187, +9.229,+0.907
1690991400,+3.47,+28.187, +9.992,+0.908
1690991700,+3.47,+28.153,+10.335,+0.909
1690992000,+3.47,+28.204,+10.707,+0.909
1690992300,+3.47,+28.238,+11.070,+0.908
1690992600,+3.47,+28.238,+10.846,+0.908
1690992900,+3.47,+28.307,+11.570,+0.909
1690993200,+3.47,+28.358,+11.866,+0.908
1690993500,+3.47,+28.401,+12.285,+0.908
1690993800,+3.47,+28.426,+12.608,+0.909
1690994100,+3.47,+28.478,+12.681,+0.908
1690994400,+3.47,+28.520,+12.626,+0.911
1690994700,+3.47,+28.589,+12.487,+0.911
1690995000,+3.48,+28.709,+12.802,+0.910
1690995300,+3.48,+28.751,+13.144,+0.913
1690995600,+3.48,+28.829,+13.273,+0.912
1690995900,+3.48,+28.880,+13.553,+0.910
1690996200,+3.48,+28.940,+13.825,+0.914
1690996500,+3.48,+28.992,+14.092,+0.912
1690996800,+3.47,+29.052,+14.456,+0.912
1690997100,+3.47,+29.112,+14.222,+0.914
1690997400,+3.47,+29.155,+14.285,+0.912
1690997700,+3.47,+29.241,+14.577,+0.912
1690998000,+3.47,+29.301,+15.457,+0.914
1690998300,+3.47,+29.335,+16.041,+0.913
1690998600,+3.47,+29.352,+16.543,+0.913
1690998900,+3.47,+29.421,+16.989,+0.916
1690999200,+3.47,+29.490,+17.204,+0.916
1690999500,+3.47,+29.542,+17.204,+0.914
1690999800,+3.47,+29.593,+17.476,+0.915
1691000100,+3.47,+29.653,+18.001,+0.914
1691000400,+3.47,+29.731,+18.369,+0.915
1691000700,+3.47,+29.757,+18.898,+0.916
1691001000,+3.48,+29.817,+18.878,+0.915
1691001300,+3.48,+29.843,+18.673,+0.915
1691001600,+3.48,+29.903,+18.371,+0.916
1691001900,+3.48,+29.929,+18.474,+0.915
1691002200,+3.48,+29.955,+18.824,+0.916
1691002500,+3.48,+29.947,+18.911,+0.915
1691002800,+3.48,+29.964,+19.086,+0.912
1691003100,+3.48,+29.964,+19.235,+0.916
1691003400,+3.48,+29.929,+19.263,+0.914
1691003700,+3.48,+29.912,+19.604,+0.914
1691004000,+3.48,+29.886,+19.515,+0.917
1691004300,+3.48,+29.886,+19.477,+0.915
1691004600,+3.48,+29.774,+12.671,+0.911
1691004900,+3.48,+29.921,+10.057,+0.903
1691005200,+3.47,+31.621, +8.379,+0.902
1691005500,+3.47,+33.977, +7.936,+0.897
1691005800,+3.47,+36.030, +7.449,+0.887
1691006100,+3.46,+36.462, +7.020,+0.887
1691006400,+3.46,+36.453, +6.991,+0.889
1691006700,+3.47,+36.453, +6.890,+0.888
1691007000,+3.47,+36.462, +6.887,+0.888
1691007300,+3.47,+36.462, +6.862,+0.888
1691007600,+3.47,+36.462, +6.890,+0.889
1691007900,+3.47,+36.453, +6.926,+0.891
1691008200,+3.47,+36.462, +6.941,+0.890
1691008500,+3.48,+36.453, +6.957,+0.891
1691008800,+3.48,+36.462, +6.861,+0.891
1691009100,+3.48,+36.444, +6.742,+0.892
1691009400,+3.48,+36.453, +6.652,+0.891
1691009700,+3.48,+36.453, +6.624,+0.893
1691010000,+3.48,+36.462, +6.488,+0.892
1691010300,+3.48,+36.111, +6.487,+0.892
1691010600,+3.49,+35.680, +6.550,+0.895
1691010900,+3.49,+35.062, +6.562,+0.898
1691011200,+3.49,+34.385, +6.606,+0.899
1691011500,+3.49,+33.835, +6.647,+0.900
1691011800,+3.49,+33.464, +6.656,+0.901
1691012100,+3.49,+33.058, +6.691,+0.902
1691012400,+3.49,+32.759, +6.688,+0.903
1691012700,+3.49,+32.461, +6.624,+0.902
1691013000,+3.49,+32.250, +6.741,+0.904
1691013300,+3.49,+32.189, +6.823,+0.904
1691013600,+3.49,+32.093, +6.884,+0.904
1691013900,+3.49,+31.970, +6.911,+0.905
1691014200,+3.49,+31.795, +7.003,+0.906
1691014500,+3.49,+31.595, +7.007,+0.906
1691014800,+3.49,+31.438, +6.997,+0.905
1691015100,+3.49,+31.272, +7.015,+0.907
1691015400,+3.49,+31.098, +7.034,+0.906
1691015700,+3.49,+30.899, +7.065,+0.907
1691016000,+3.48,+30.716, +7.069,+0.907
1691016300,+3.49,+30.552, +7.035,+0.907
1691016600,+3.49,+30.335, +7.088,+0.906
1691016900,+3.49,+30.162, +7.085,+0.907
1691017200,+3.49,+29.972, +6.987,+0.907
1691017500,+3.49,+29.705, +7.028,+0.908
1691017800,+3.49,+29.301, +7.021,+0.907
1691018100,+3.49,+28.837, +7.002,+0.906
1691018400,+3.49,+28.383, +7.031,+0.907
1691018700,+3.49,+27.939, +7.045,+0.907
1691019000,+3.49,+27.496, +7.056,+0.907
1691019300,+3.49,+26.207, +8.006,+0.910
1691019600,+3.49,+25.346, +8.129,+0.909
1691019900,+3.49,+24.891, +8.188,+0.909
1691020200,+3.49,+24.580, +8.228,+0.910
1691020500,+3.49,+24.311, +8.271,+0.910
1691020800,+3.49,+24.085, +8.309,+0.910
1691021100,+3.49,+23.900, +8.322,+0.910
1691021400,+3.49,+23.682, +8.360,+0.910
1691021700,+3.50,+23.497, +8.375,+0.910
1691022000,+3.49,+23.338, +8.394,+0.910
1691022300,+3.49,+23.187, +8.424,+0.910
1691022600,+3.49,+23.070, +8.426,+0.909
1691022900,+3.49,+22.953, +8.456,+0.910
1691023200,+3.49,+22.836, +8.471,+0.910
1691023500,+3.49,+22.727, +8.487,+0.910
1691023800,+3.49,+22.626, +8.496,+0.910
1691024100,+3.49,+22.559, +8.504,+0.910
1691024400,+3.49,+22.484, +8.513,+0.909
1691024700,+3.49,+22.434, +8.522,+0.910
1691025000,+3.49,+22.358, +8.533,+0.910
1691025300,+3.49,+22.291, +8.549,+0.910
1691025600,+3.49,+22.241, +8.550,+0.910
1691025900,+3.49,+22.183, +8.552,+0.910
1691026200,+3.49,+22.166, +8.549,+0.909
1691026500,+3.49,+22.099, +8.557,+0.909
1691026800,+3.49,+22.049, +8.574,+0.910
1691027100,+3.49,+22.007, +8.573,+0.909
1691027400,+3.49,+21.965, +8.580,+0.910
1691027700,+3.49,+21.932, +8.579,+0.909
1691028000,+3.49,+21.940, +8.582,+0.909
1691028300,+3.49,+21.881, +8.589,+0.909
1691028600,+3.49,+21.848, +8.584,+0.909
1691028900,+3.49,+21.831, +8.607,+0.910
1691029200,+3.49,+21.798, +8.598,+0.910
1691029500,+3.49,+21.764, +8.601,+0.910
1691029800,+3.49,+21.748, +8.610,+0.910
1691030100,+3.49,+21.723, +8.595,+0.909
1691030400,+3.49,+21.672, +8.614,+0.910
1691030700,+3.49,+21.647, +8.621,+0.910
1691031000,+3.49,+21.647, +8.614,+0.910
1691031300,+3.49,+21.639, +8.610,+0.909
1691031600,+3.49,+21.589, +8.619,+0.909
1691031900,+3.49,+21.555, +8.625,+0.909
1691032200,+3.49,+21.547, +8.620,+0.909
1691032500,+3.49,+21.530, +8.622,+0.910
1691032800,+3.49,+21.497, +8.629,+0.910
1691033100,+3.49,+21.497, +8.629,+0.910
1691033400,+3.49,+21.497, +8.613,+0.909
1691033700,+3.49,+21.463, +8.625,+0.909
1691034000,+3.49,+21.463, +8.627,+0.910
1691034300,+3.49,+21.446, +8.621,+0.909
1691034600,+3.49,+21.438, +8.615,+0.909
1691034900,+3.49,+21.413, +8.637,+0.910
1691035200,+3.49,+21.421, +8.605,+0.908
1691035500,+3.49,+21.396, +8.622,+0.909
1691035800,+3.49,+21.388, +8.617,+0.909
1691036100,+3.49,+21.388, +8.620,+0.909
1691036400,+3.49,+21.388, +8.618,+0.909
1691036700,+3.49,+21.371, +8.623,+0.910
1691037000,+3.49,+21.388, +8.618,+0.909
1691037300,+3.49,+21.388, +8.609,+0.909
1691037600,+3.49,+21.380, +8.603,+0.909
1691037900,+3.49,+21.371, +8.605,+0.909
1691038200,+3.49,+21.354, +8.624,+0.910
1691038500,+3.48,+21.371, +8.618,+0.910
1691038800,+3.48,+21.371, +8.622,+0.910
1691039100,+3.48,+21.363, +8.607,+0.910
1691039400,+3.48,+21.363, +8.609,+0.910
1691039700,+3.48,+21.338, +8.597,+0.909
1691040000,+3.48,+21.338, +8.605,+0.909
1691040300,+3.48,+21.329, +8.604,+0.909
1691040600,+3.48,+21.321, +8.601,+0.909
1691040900,+3.48,+21.338, +8.591,+0.909
1691041200,+3.48,+21.329, +8.596,+0.909
1691041500,+3.48,+21.338, +8.584,+0.909
1691041800,+3.48,+21.288, +8.606,+0.909
1691042100,+3.48,+21.313, +8.602,+0.910
1691042400,+3.48,+21.296, +8.591,+0.909
1691042700,+3.48,+21.313, +8.592,+0.910
1691043000,+3.48,+21.313, +8.583,+0.909
1691043300,+3.48,+21.313, +8.594,+0.910
1691043600,+3.48,+21.304, +8.582,+0.909
1691043900,+3.48,+21.304, +8.580,+0.909
1691044200,+3.48,+21.321, +8.566,+0.909
1691044500,+3.48,+21.304, +8.578,+0.909
1691044800,+3.48,+21.313, +8.561,+0.908
1691045100,+3.48,+21.288, +8.577,+0.909
1691045400,+3.48,+21.288, +8.567,+0.909
1691045700,+3.48,+21.279, +8.571,+0.909
1691046000,+3.48,+21.279, +8.572,+0.909
1691046300,+3.48,+21.304, +8.559,+0.909
1691046600,+3.48,+21.279, +8.571,+0.909
1691046900,+3.48,+21.271, +8.552,+0.908
1691047200,+3.48,+21.279, +8.563,+0.909
1691047500,+3.48,+21.288, +8.553,+0.909
1691047800,+3.48,+21.288, +8.566,+0.910
1691048100,+3.48,+21.296, +8.552,+0.909
1691048400,+3.48,+21.279, +8.548,+0.909
1691048700,+3.48,+21.271, +8.540,+0.908
1691049000,+3.48,+21.271, +8.537,+0.909
1691049300,+3.48,+21.237, +8.544,+0.908
1691049600,+3.48,+21.204, +8.546,+0.909
1691049900,+3.48,+21.195, +8.565,+0.909
1691050200,+3.48,+21.154, +8.559,+0.909
1691050500,+3.48,+21.137, +8.565,+0.909
1691050800,+3.48,+21.078, +8.562,+0.908
1691051100,+3.47,+21.053, +8.567,+0.909
1691051400,+3.48,+21.020, +8.573,+0.909
1691051700,+3.47,+20.978, +8.580,+0.909
1691052000,+3.47,+20.936, +8.578,+0.909
1691052300,+3.48,+20.894, +8.589,+0.909
1691052600,+3.48,+20.844, +8.604,+0.909
1691052900,+3.48,+20.802, +8.601,+0.909
1691053200,+3.48,+20.769, +8.603,+0.909
1691053500,+3.48,+20.702, +8.609,+0.909
1691053800,+3.48,+20.668, +8.605,+0.908
1691054100,+3.48,+20.610, +8.641,+0.910
1691054400,+3.48,+20.585, +8.630,+0.909
1691054700,+3.48,+20.551, +8.633,+0.909
1691055000,+3.48,+20.518, +8.628,+0.909
1691055300,+3.48,+20.467, +8.633,+0.909
1691055600,+3.48,+20.442, +8.634,+0.909
1691055900,+3.48,+20.392, +8.645,+0.909
1691056200,+3.48,+20.367, +8.645,+0.909
1691056500,+3.48,+20.325, +8.659,+0.909
1691056800,+3.48,+20.308, +8.653,+0.909
1691057100,+3.48,+20.266, +8.664,+0.910
